T, N2, O2, NO, N, O, Ar, Ar+, N+, O+, e-
598.148, 0.745206, 0.22839, 1.97607e-08, 0, 3.65105e-314, 0.0264039, 9.27099e-43, 0, 2.57947e-225, 0
624.544, 0.745206, 0.22839, 4.29493e-08, 0, 5.62254e-291, 0.0264039, 5.14082e-42, 0, 2.80165e-214, 0
650.737, 0.745206, 0.22839, 8.71933e-08, 0, 5.97334e-268, 0.0264039, 2.41849e-41, 0, 1.97953e-203, 0
676.727, 0.745206, 0.22839, 1.66769e-07, 0, 2.92433e-245, 0.0264039, 9.96757e-41, 0, 8.37296e-193, 0
702.518, 0.745206, 0.22839, 3.02695e-07, 0, 1.39723e-223, 0.0264039, 3.66376e-40, 0, 1.97368e-182, 0
728.115, 0.745206, 0.22839, 5.24584e-07, 0, 9.73905e-203, 0.0264039, 1.21766e-39, 0, 2.39601e-172, 0
753.521, 0.745206, 0.22839, 8.72605e-07, 0, 1.41697e-182, 0.0264039, 3.70131e-39, 0, 1.26096e-162, 0
778.743, 0.745205, 0.228389, 1.39947e-06, 0, 2.89126e-163, 0.0264039, 1.03912e-38, 0, 1.85819e-153, 0
803.786, 0.745205, 0.228389, 2.17234e-06, 0, 3.02327e-139, 0.0264039, 7.38587e-38, 0, 2.41328e-142, 0
828.658, 0.745204, 0.228388, 3.27465e-06, 0, 3.46038e-116, 0.0264039, 4.92517e-37, 0, 7.89277e-130, 0
853.362, 0.745204, 0.228388, 4.80764e-06, 0, 2.31919e-93, 0.0264039, 8.42875e-36, 0, 1.3758e-119, 0
877.907, 0.745203, 0.228387, 6.8918e-06, 0, 1.79307e-75, 0.0264039, 5.03771e-35, 0, 1.91918e-109, 0
902.298, 0.745201, 0.228385, 9.66786e-06, 0, 3.56482e-58, 0.0264039, 7.80763e-34, 0, 1.87795e-101, 0
926.541, 0.7452, 0.228383, 1.32976e-05, 0, 1.8069e-44, 0.0264039, 4.26456e-33, 0, 3.37634e-93, 0
950.641, 0.745198, 0.228381, 1.79641e-05, 0, 2.26752e-32, 0.0264039, 2.23987e-32, 0, 1.01922e-85, 0
974.605, 0.745195, 0.228378, 2.38725e-05, 0, 9.7758e-22, 0.0264039, 1.13503e-31, 0, 6.14013e-79, 0
998.435, 0.745191, 0.228374, 3.12489e-05, 0, 1.8826e-12, 0.0264039, 5.56561e-31, 0, 8.58536e-73, 0
1022.14, 0.745187, 0.228369, 4.03406e-05, 0, 1.99567e-10, 0.0264039, 2.64777e-30, 0, 3.18328e-67, 0
1045.72, 0.745182, 0.228363, 5.1415e-05, 3.1727e-306, 3.85867e-10, 0.0264039, 1.22499e-29, 0, 3.51917e-62, 0
1069.18, 0.745176, 0.228356, 6.47588e-05, 1.81635e-281, 7.22421e-10, 0.0264039, 5.52314e-29, 0, 1.28743e-57, 0
1092.53, 0.745168, 0.228347, 8.06767e-05, 3.03179e-258, 1.31273e-09, 0.0264039, 2.43147e-28, 0, 1.70928e-53, 0
1115.77, 0.745159, 0.228337, 9.949e-05, 1.84755e-236, 2.32021e-09, 0.0264039, 1.04695e-27, 0, 8.94573e-50, 0
1138.89, 0.745149, 0.228325, 0.000121535, 1.79389e-224, 3.99655e-09, 0.0264039, 1.62454e-27, 0, 9.32145e-45, 0
1161.92, 0.745137, 0.228312, 0.000147162, 7.12838e-205, 6.72071e-09, 0.0264039, 6.72187e-27, 0, 1.0197e-41, 0
1184.84, 0.745123, 0.228296, 0.000176731, 1.74719e-186, 1.10512e-08, 0.0264039, 2.73188e-26, 0, 5.34807e-39, 0
1207.67, 0.745108, 0.228278, 0.000210614, 3.10609e-169, 1.7795e-08, 0.0264039, 1.09182e-25, 0, 1.41928e-36, 0
1230.39, 0.74509, 0.228257, 0.000249191, 6.75395e-160, 2.8097e-08, 0.0264039, 1.58025e-25, 0, 1.28084e-32, 0
1253.02, 0.745069, 0.228234, 0.000292845, 2.25287e-144, 4.35537e-08, 0.0264039, 6.12626e-25, 0, 1.41148e-30, 0
1275.56, 0.745046, 0.228208, 0.000341966, 5.952e-136, 6.63548e-08, 0.0264039, 8.61227e-25, 0, 7.04099e-27, 0
1298.01, 0.745021, 0.228178, 0.000396945, 3.50355e-122, 9.94605e-08, 0.0264039, 3.23298e-24, 0, 3.00101e-25, 0
1320.37, 0.744992, 0.228146, 0.000458173, 1.74907e-109, 1.46814e-07, 0.0264039, 1.153e-23, 0, 9.70182e-24, 0
1342.65, 0.74496, 0.22811, 0.00052604, 5.9731e-103, 2.13598e-07, 0.0264039, 7.75621e-26, 0, 9.45257e-23, 0
1364.83, 0.744925, 0.22807, 0.000600933, 6.76282e-92, 3.06543e-07, 0.0264039, 1.05863e-25, 2.60488e-311, 5.34565e-22, 0
1386.94, 0.744887, 0.228026, 0.000683233, 2.61689e-86, 4.34281e-07, 0.0264039, 1.54664e-28, 2.39186e-307, 6.60311e-22, 0
1408.96, 0.744845, 0.227977, 0.000773315, 1.05313e-76, 6.07763e-07, 0.0264039, 1.57613e-28, 1.82791e-292, 1.7433e-21, 0
1430.89, 0.744799, 0.227925, 0.000871544, 6.34582e-72, 8.40731e-07, 0.0264039, 3.34604e-31, 6.52264e-289, 1.95862e-21, 0
1452.74, 0.744749, 0.227867, 0.000978279, 2.01755e-67, 1.15027e-06, 0.0264039, 1.0441e-33, 2.18235e-285, 2.50711e-21, 0
1474.52, 0.744695, 0.227805, 0.00109386, 1.30145e-59, 1.55738e-06, 0.0264039, 3.20983e-33, 2.52316e-271, 9.08345e-21, 0
1496.21, 0.744637, 0.227738, 0.00121863, 9.35132e-56, 2.08772e-06, 0.0264039, 1.51423e-35, 4.6153e-268, 1.33758e-20, 0
1517.82, 0.744574, 0.227666, 0.00135291, 4.64346e-49, 2.77226e-06, 0.0264039, 1.02145e-34, 1.62927e-254, 6.32565e-20, 0
1539.35, 0.744507, 0.227588, 0.00149699, 8.03469e-46, 3.64819e-06, 0.0264039, 8.95076e-37, 1.76121e-251, 1.08102e-19, 0
1560.8, 0.744435, 0.227505, 0.00165117, 1.0267e-42, 4.75972e-06, 0.0264039, 5.60191e-39, 1.05582e-248, 1.18438e-19, 0
1582.17, 0.744358, 0.227416, 0.00181571, 2.11738e-37, 6.15908e-06, 0.0264039, 2.82574e-38, 2.64771e-236, 2.43074e-19, 0
1603.46, 0.744277, 0.227321, 0.00199088, 8.26958e-35, 7.90749e-06, 0.0264039, 2.13652e-40, 7.96221e-234, 2.4241e-19, 0
1624.67, 0.74419, 0.227219, 0.0021769, 2.38135e-30, 1.00762e-05, 0.0264039, 5.93166e-39, 2.06316e-221, 1.71486e-18, 0
1645.8, 0.744098, 0.227112, 0.00237399, 3.27293e-28, 1.27477e-05, 0.0264039, 7.73376e-41, 4.28448e-219, 2.03422e-18, 0
1666.85, 0.744, 0.226997, 0.00258234, 3.89941e-26, 1.60167e-05, 0.0264039, 5.24484e-43, 3.84787e-217, 1.1636e-18, 0
1687.81, 0.743898, 0.226876, 0.00280211, 8.42119e-23, 1.99912e-05, 0.0264039, 1.98616e-41, 1.9709e-205, 7.34386e-18, 0
1708.69, 0.74379, 0.226748, 0.00303345, 4.22187e-21, 2.4794e-05, 0.0264039, 3.34524e-43, 2.16666e-203, 8.34501e-18, 0
1729.49, 0.743676, 0.226613, 0.00327648, 1.60174e-19, 3.05635e-05, 0.0264039, 3.37967e-45, 1.13269e-201, 4.95172e-18, 0
1750.2, 0.743557, 0.22647, 0.00353131, 5.53129e-18, 3.74548e-05, 0.0264039, 1.33652e-46, 1.85042e-199, 9.76985e-18, 0
1770.82, 0.743433, 0.22632, 0.00379798, 7.72674e-16, 4.56411e-05, 0.0264039, 4.15433e-45, 6.98672e-189, 1.88022e-17, 0
1791.34, 0.743303, 0.226161, 0.00407655, 1.32516e-14, 5.53141e-05, 0.0264039, 1.49909e-46, 5.68442e-187, 2.01097e-17, 0
1811.78, 0.743167, 0.225995, 0.00436703, 1.76302e-13, 6.66853e-05, 0.0264039, 6.84041e-48, 5.05135e-185, 2.14075e-17, 0
1832.11, 0.743026, 0.225821, 0.0046694, 2.1797e-12, 7.99868e-05, 0.0264039, 3.13733e-49, 3.68866e-183, 1.82395e-17, 0
1852.35, 0.742879, 0.225638, 0.0049836, 2.71147e-11, 9.54713e-05, 0.0264039, 3.81593e-47, 7.49581e-173, 5.27998e-17, 0
1872.49, 0.742727, 0.225446, 0.00530958, 1.03472e-10, 0.000113413, 0.0264038, 2.97805e-48, 4.9439e-171, 4.73524e-17, 0
1892.52, 0.74257, 0.225245, 0.0056472, 1.42584e-10, 0.000134108, 0.0264038, 3.11645e-49, 3.67116e-169, 4.6069e-17, 0
1912.44, 0.742407, 0.225035, 0.00599633, 1.94826e-10, 0.000157872, 0.0264038, 3.7024e-50, 2.61195e-167, 4.32516e-17, 0
1932.24, 0.742238, 0.224816, 0.00635679, 2.64039e-10, 0.000185045, 0.0264038, 1.00124e-47, 1.80429e-157, 1.11591e-16, 0
1951.93, 0.742065, 0.224587, 0.00672838, 3.55005e-10, 0.000215984, 0.0264038, 1.67729e-48, 1.07804e-155, 1.08199e-16, 0
1971.49, 0.741886, 0.224348, 0.00711085, 4.73635e-10, 0.000251067, 0.0264038, 3.47972e-49, 7.32822e-154, 1.08695e-16, 0
1990.93, 0.741703, 0.224099, 0.00750393, 6.27176e-10, 0.000290692, 0.0264038, 7.9226e-50, 4.67388e-152, 1.12357e-16, 0
2010.23, 0.741515, 0.223839, 0.00790731, 8.24439e-10, 0.000335269, 0.0264038, 4.71693e-47, 1.48701e-142, 3.32336e-16, 0
2029.4, 0.741322, 0.223569, 0.00832066, 1.07606e-09, 0.000385228, 0.0264038, 1.5352e-47, 8.66155e-141, 3.67175e-16, 0
2048.42, 0.741124, 0.223287, 0.00874361, 1.39476e-09, 0.000441009, 0.0264038, 6.42283e-48, 5.66154e-139, 4.10652e-16, 0
2067.3, 0.740922, 0.222995, 0.00917577, 1.79566e-09, 0.000503061, 0.0264038, 2.79105e-48, 3.3652e-137, 4.57462e-16, 0
2086.02, 0.740717, 0.222691, 0.00961671, 2.2966e-09, 0.000571843, 0.0264038, 1.3399e-48, 1.93998e-135, 5.02452e-16, 0
2104.59, 0.740507, 0.222375, 0.010066, 2.91846e-09, 0.000647817, 0.0264038, 7.07789e-49, 1.08335e-133, 5.45599e-16, 7.37242e-318
2122.98, 0.740293, 0.222048, 0.0105231, 3.68548e-09, 0.000731446, 0.0264038, 8.60754e-46, 8.54507e-125, 1.60952e-15, 2.28708e-298
2141.21, 0.740077, 0.221709, 0.0109876, 4.62567e-09, 0.000823192, 0.0264038, 4.87179e-46, 3.37219e-123, 1.7455e-15, 2.09441e-292
2159.27, 0.739857, 0.221357, 0.011459, 5.77107e-09, 0.000923512, 0.0264038, 2.82514e-46, 1.21542e-121, 1.89143e-15, 1.35124e-286
2177.14, 0.739634, 0.220993, 0.0119367, 7.15821e-09, 0.00103285, 0.0264038, 1.75438e-46, 4.19259e-120, 2.04619e-15, 5.91942e-281
2194.84, 0.739408, 0.220616, 0.0124202, 8.82832e-09, 0.00115165, 0.0264038, 1.1579e-46, 1.37722e-118, 2.21048e-15, 1.78621e-275
2212.34, 0.73918, 0.220227, 0.0129089, 1.08277e-08, 0.00128033, 0.0264038, 7.8e-47, 4.14798e-117, 2.38598e-15, 3.89331e-270
2229.65, 0.738949, 0.219825, 0.0134024, 1.32081e-08, 0.0014193, 0.0264038, 1.31821e-43, 7.57847e-109, 6.99401e-15, 9.10191e-254
2246.76, 0.738717, 0.21941, 0.0139, 1.60269e-08, 0.00156893, 0.0264038, 9.35452e-44, 1.69299e-107, 7.53419e-15, 5.52064e-249
2263.68, 0.738483, 0.218982, 0.0144012, 1.93471e-08, 0.00172959, 0.0264038, 6.75499e-44, 3.4977e-106, 8.10694e-15, 3.35889e-244
2280.39, 0.738248, 0.218541, 0.0149055, 2.3238e-08, 0.00190161, 0.0264038, 4.95971e-44, 6.6943e-105, 8.7128e-15, 1.80879e-239
2296.89, 0.738011, 0.218088, 0.0154122, 2.77752e-08, 0.00208531, 0.0264038, 3.69986e-44, 1.189e-103, 9.35226e-15, 7.33475e-235
2313.19, 0.737774, 0.217621, 0.015921, 3.30402e-08, 0.00228095, 0.0264038, 2.80218e-44, 1.96321e-102, 1.00257e-14, 2.25543e-230
2329.27, 0.737535, 0.217141, 0.0164313, 3.91214e-08, 0.00248879, 0.0264038, 2.15318e-44, 3.01897e-101, 1.07336e-14, 5.29711e-226
2345.15, 0.737297, 0.216648, 0.0169425, 4.61131e-08, 0.00270906, 0.0264038, 4.50416e-41, 1.23043e-93, 3.11952e-14, 2.09471e-212
2360.81, 0.737058, 0.216142, 0.0174542, 5.41164e-08, 0.00294194, 0.0264038, 3.59413e-41, 1.48066e-92, 3.33083e-14, 1.70924e-208
2376.26, 0.736819, 0.215624, 0.0179659, 6.32385e-08, 0.00318758, 0.0264038, 2.90296e-41, 1.67307e-91, 3.55168e-14, 1.10321e-204
2391.5, 0.73658, 0.215093, 0.0184771, 7.35928e-08, 0.00344612, 0.0264038, 2.45186e-41, 1.83822e-90, 3.78209e-14, 5.48465e-201
2406.52, 0.736342, 0.214549, 0.0189875, 8.52989e-08, 0.00371765, 0.0264038, 2.15409e-41, 1.9579e-89, 4.02208e-14, 2.12359e-197
2421.33, 0.736104, 0.213993, 0.0194967, 9.84823e-08, 0.00400225, 0.0264038, 1.90984e-41, 1.96572e-88, 4.27167e-14, 6.63878e-194
2435.93, 0.735867, 0.213425, 0.0200042, 1.13274e-07, 0.00429994, 0.0264038, 1.70799e-41, 1.86353e-87, 4.53087e-14, 1.6862e-190
2450.32, 0.735631, 0.212844, 0.0205097, 1.29811e-07, 0.00461076, 0.0264038, 1.54002e-41, 1.67097e-86, 4.79964e-14, 3.50095e-187
2464.5, 0.735396, 0.212252, 0.0210128, 1.48235e-07, 0.00493467, 0.0264038, 1.39936e-41, 1.41958e-85, 5.07799e-14, 5.97873e-184
2478.48, 0.735163, 0.211648, 0.0215133, 1.68693e-07, 0.00527166, 0.0264038, 3.74436e-38, 1.348e-78, 1.45859e-13, 2.3424e-173
2492.25, 0.73493, 0.211033, 0.0220109, 1.91336e-07, 0.00562165, 0.0264038, 3.47829e-38, 9.48056e-78, 1.53942e-13, 1.80214e-170
2505.82, 0.7347, 0.210407, 0.0225052, 2.16322e-07, 0.00598458, 0.0264038, 3.25144e-38, 6.36173e-77, 1.62282e-13, 1.1733e-167
2519.19, 0.73447, 0.209769, 0.0229961, 2.43811e-07, 0.00636033, 0.0264038, 3.05745e-38, 4.07905e-76, 1.70877e-13, 6.49829e-165
2532.36, 0.734243, 0.209121, 0.0234833, 2.73966e-07, 0.00674881, 0.0264038, 2.89117e-38, 2.50288e-75, 1.79725e-13, 3.07796e-162
2545.34, 0.734017, 0.208462, 0.0239666, 3.06958e-07, 0.00714987, 0.0264038, 2.74846e-38, 1.47176e-74, 1.88825e-13, 1.25308e-159
2558.13, 0.733794, 0.207793, 0.0244458, 3.42957e-07, 0.00756337, 0.0264038, 2.6259e-38, 8.30539e-74, 1.98175e-13, 4.40654e-157
2570.73, 0.733572, 0.207114, 0.0249208, 3.82138e-07, 0.00798915, 0.0264038, 2.52073e-38, 4.50402e-73, 2.07772e-13, 1.34491e-154
2583.15, 0.733352, 0.206425, 0.0253914, 4.2468e-07, 0.00842705, 0.0264038, 2.43064e-38, 2.35045e-72, 2.17615e-13, 3.57969e-152
2595.39, 0.733134, 0.205727, 0.0258575, 4.70765e-07, 0.00887688, 0.0264038, 2.35373e-38, 1.18187e-71, 2.27703e-13, 8.34672e-150
2607.46, 0.732919, 0.205019, 0.0263189, 5.20575e-07, 0.00933846, 0.0264038, 2.28845e-38, 5.65974e-71, 2.38032e-13, 1.71241e-147
2619.35, 0.732706, 0.204303, 0.0267756, 5.74298e-07, 0.0098116, 0.0264038, 2.23342e-38, 2.34733e-70, 2.48601e-13, 3.10489e-145
2631.07, 0.732495, 0.203577, 0.0272275, 6.32122e-07, 0.0102961, 0.0264038, 6.90379e-35, 4.49474e-64, 7.05142e-13, 1.61782e-137
2642.63, 0.732286, 0.202843, 0.0276745, 6.94239e-07, 0.0107917, 0.0264038, 6.82428e-35, 1.6464e-63, 7.35158e-13, 1.69003e-135
2654.02, 0.73208, 0.202101, 0.0281165, 7.60841e-07, 0.0112983, 0.0264038, 7.04253e-35, 6.10855e-63, 7.65813e-13, 1.52821e-133
2665.26, 0.731875, 0.201351, 0.0285535, 8.32123e-07, 0.0118157, 0.0264038, 7.28278e-35, 2.11655e-62, 7.97097e-13, 1.25036e-131
2676.35, 0.731674, 0.200593, 0.0289854, 9.08285e-07, 0.0123435, 0.0264038, 7.54573e-35, 6.6869e-62, 8.29003e-13, 9.28879e-130
2687.28, 0.731474, 0.199827, 0.0294123, 9.89523e-07, 0.0128817, 0.0264038, 7.83254e-35, 2.06482e-61, 8.61532e-13, 6.28557e-128
2698.06, 0.731277, 0.199054, 0.029834, 1.07604e-06, 0.01343, 0.0264038, 8.14433e-35, 6.23641e-61, 8.94678e-13, 3.88633e-126
2708.71, 0.731083, 0.198273, 0.0302506, 1.16804e-06, 0.0139882, 0.0264038, 8.48236e-35, 1.84385e-60, 9.28439e-13, 2.20242e-124
2719.21, 0.730891, 0.197486, 0.0306621, 1.26572e-06, 0.014556, 0.0264038, 8.84805e-35, 5.34023e-60, 9.6281e-13, 1.14725e-122
2729.58, 0.730701, 0.196692, 0.0310684, 1.36929e-06, 0.0151333, 0.0264038, 9.24253e-35, 1.44105e-59, 9.97781e-13, 5.50941e-121
2739.81, 0.730513, 0.195892, 0.0314696, 1.47897e-06, 0.0157199, 0.0264038, 9.66737e-35, 3.65961e-59, 1.03334e-12, 2.44562e-119
2749.92, 0.730328, 0.195085, 0.0318657, 1.59495e-06, 0.0163155, 0.0264038, 1.01247e-34, 9.1401e-59, 1.06951e-12, 1.00615e-117
2759.89, 0.730146, 0.194272, 0.0322566, 1.71745e-06, 0.01692, 0.0264038, 1.06166e-34, 2.24629e-58, 1.10626e-12, 3.84579e-116
2769.75, 0.729966, 0.193453, 0.0326424, 1.84669e-06, 0.0175331, 0.0264038, 1.11451e-34, 5.43522e-58, 1.14361e-12, 1.3691e-114
2779.48, 0.729788, 0.192629, 0.0330232, 1.98288e-06, 0.0181547, 0.0264038, 1.17126e-34, 1.2955e-57, 1.18155e-12, 4.55029e-113
2789.1, 0.729612, 0.191799, 0.0333989, 2.12623e-06, 0.0187845, 0.0264038, 1.23217e-34, 3.04327e-57, 1.22007e-12, 1.41496e-111
2798.61, 0.729439, 0.190963, 0.0337696, 2.27696e-06, 0.0194224, 0.0264038, 1.29751e-34, 7.04921e-57, 1.25918e-12, 4.12592e-110
2808, 0.729268, 0.190122, 0.0341353, 2.43531e-06, 0.0200682, 0.0264038, 4.58368e-31, 2.87516e-51, 3.53067e-12, 3.9146e-105
2817.29, 0.729099, 0.189277, 0.034496, 2.60148e-06, 0.0207217, 0.0264038, 4.84589e-31, 5.74117e-51, 3.64007e-12, 8.09062e-104
2826.47, 0.728933, 0.188426, 0.0348518, 2.7757e-06, 0.0213826, 0.0264038, 5.1267e-31, 1.13442e-50, 3.75104e-12, 1.58384e-102
2835.55, 0.728769, 0.18757, 0.0352027, 2.9582e-06, 0.0220509, 0.0264038, 5.4274e-31, 2.21882e-50, 3.86357e-12, 2.94173e-101
2844.53, 0.728607, 0.186711, 0.0355488, 3.14922e-06, 0.0227264, 0.0264038, 5.74936e-31, 4.29728e-50, 3.97765e-12, 5.19264e-100
2853.42, 0.728448, 0.185846, 0.0358901, 3.34898e-06, 0.0234089, 0.0264038, 6.09406e-31, 8.24383e-50, 4.0933e-12, 8.72526e-99
2862.2, 0.728291, 0.184977, 0.0362265, 3.55771e-06, 0.0240982, 0.0264038, 6.4631e-31, 1.56694e-49, 4.2105e-12, 1.3977e-97
2870.9, 0.728135, 0.184105, 0.0365583, 3.77565e-06, 0.0247941, 0.0264038, 6.85817e-31, 2.95188e-49, 4.32926e-12, 2.13773e-96
2879.51, 0.727983, 0.183228, 0.0368853, 4.00305e-06, 0.0254965, 0.0264038, 7.28111e-31, 5.51298e-49, 4.44957e-12, 3.1262e-95
2888.03, 0.727832, 0.182347, 0.0372077, 4.24014e-06, 0.0262053, 0.0264038, 7.73392e-31, 1.02103e-48, 4.57143e-12, 4.37736e-94
2896.47, 0.727683, 0.181463, 0.0375256, 4.48717e-06, 0.0269203, 0.0264038, 8.2187e-31, 1.8757e-48, 4.69485e-12, 5.8761e-93
2904.82, 0.727537, 0.180575, 0.0378388, 4.74439e-06, 0.0276414, 0.0264038, 8.73773e-31, 3.41882e-48, 4.81983e-12, 7.57207e-92
2913.1, 0.727392, 0.179683, 0.0381475, 5.01204e-06, 0.0283683, 0.0264038, 9.29348e-31, 6.18415e-48, 4.94637e-12, 9.37823e-91
2921.3, 0.72725, 0.178788, 0.0384518, 5.2904e-06, 0.0291011, 0.0264038, 9.8886e-31, 1.1104e-47, 5.07448e-12, 1.11772e-89
2929.42, 0.72711, 0.17789, 0.0387516, 5.5797e-06, 0.0298394, 0.0264038, 1.05256e-30, 1.93461e-47, 5.20412e-12, 1.28332e-88
2937.46, 0.726971, 0.176989, 0.0390471, 5.88021e-06, 0.0305833, 0.0264038, 1.12072e-30, 3.25066e-47, 5.33528e-12, 1.42108e-87
2945.44, 0.726835, 0.176084, 0.0393382, 6.1922e-06, 0.0313325, 0.0264038, 1.20262e-30, 5.47051e-47, 5.46801e-12, 1.50802e-86
2953.34, 0.726701, 0.175177, 0.039625, 6.51594e-06, 0.0320869, 0.0264038, 1.31286e-30, 9.30945e-47, 5.6023e-12, 1.52073e-85
2961.18, 0.726569, 0.174267, 0.0399075, 6.8517e-06, 0.0328465, 0.0264038, 1.43324e-30, 1.57504e-46, 5.73818e-12, 1.48396e-84
2968.95, 0.726438, 0.173354, 0.0401859, 7.19976e-06, 0.033611, 0.0264038, 1.5647e-30, 2.64977e-46, 5.87563e-12, 1.40263e-83
2976.66, 0.72631, 0.172438, 0.04046, 7.56039e-06, 0.0343805, 0.0264038, 1.70824e-30, 4.43343e-46, 6.01468e-12, 1.28523e-82
2984.3, 0.726184, 0.17152, 0.04073, 7.93388e-06, 0.0351547, 0.0264038, 1.86499e-30, 7.37836e-46, 6.15531e-12, 1.14269e-81
2991.88, 0.726059, 0.170599, 0.040996, 8.32052e-06, 0.0359335, 0.0264038, 2.03614e-30, 1.22162e-45, 6.29755e-12, 9.86624e-81
2999.41, 0.725936, 0.169676, 0.0412579, 8.72061e-06, 0.0367169, 0.0264038, 2.22304e-30, 2.01248e-45, 6.4414e-12, 8.27955e-80
3006.87, 0.725816, 0.168751, 0.0415157, 9.13444e-06, 0.0375047, 0.0264038, 2.42712e-30, 3.29924e-45, 6.58687e-12, 6.75825e-79
3014.28, 0.725697, 0.167824, 0.0417696, 9.56233e-06, 0.0382968, 0.0264038, 2.64997e-30, 5.3832e-45, 6.73397e-12, 5.36989e-78
3021.63, 0.725579, 0.166894, 0.0420196, 1.00046e-05, 0.0390932, 0.0264037, 2.89333e-30, 8.74323e-45, 6.8827e-12, 4.15641e-77
3028.93, 0.725464, 0.165962, 0.0422656, 1.04615e-05, 0.0398937, 0.0264037, 3.15907e-30, 1.41373e-44, 7.03309e-12, 3.13619e-76
3036.18, 0.725351, 0.165029, 0.0425078, 1.09334e-05, 0.0406982, 0.0264037, 3.44928e-30, 2.27604e-44, 7.18513e-12, 2.30847e-75
3043.38, 0.725239, 0.164093, 0.0427462, 1.14206e-05, 0.0415067, 0.0264037, 3.76619e-30, 3.64891e-44, 7.33884e-12, 1.65865e-74
3050.53, 0.725129, 0.163156, 0.0429808, 1.19235e-05, 0.042319, 0.0264037, 4.1123e-30, 5.82599e-44, 7.49424e-12, 1.16407e-73
3057.63, 0.725021, 0.162217, 0.0432116, 1.24424e-05, 0.0431351, 0.0264037, 4.4903e-30, 9.26513e-44, 7.65132e-12, 7.98489e-73
3064.68, 0.724914, 0.161276, 0.0434387, 1.29776e-05, 0.0439548, 0.0264037, 4.90314e-30, 1.46777e-43, 7.81012e-12, 5.35656e-72
3071.69, 0.724809, 0.160333, 0.0436621, 1.35295e-05, 0.0447781, 0.0264037, 5.35406e-30, 2.31651e-43, 7.97063e-12, 3.51626e-71
3078.65, 0.724706, 0.159389, 0.0438819, 1.40985e-05, 0.0456049, 0.0264037, 5.84659e-30, 3.64274e-43, 8.13288e-12, 2.25996e-70
3085.57, 0.724604, 0.158444, 0.044098, 1.46848e-05, 0.0464351, 0.0264037, 6.38461e-30, 5.70802e-43, 8.29688e-12, 1.42292e-69
3092.45, 0.724505, 0.157497, 0.0443106, 1.52889e-05, 0.0472687, 0.0264037, 6.97235e-30, 8.91351e-43, 8.46264e-12, 8.78114e-69
3099.29, 0.724406, 0.156549, 0.0445196, 1.59112e-05, 0.0481055, 0.0264037, 2.61683e-26, 6.56773e-38, 2.34593e-11, 3.43609e-67
3106.09, 0.72431, 0.155599, 0.044725, 1.65521e-05, 0.0489455, 0.0264037, 2.85614e-26, 9.88897e-38, 2.39196e-11, 1.78898e-66
3112.85, 0.724215, 0.154649, 0.044927, 1.72118e-05, 0.0497886, 0.0264037, 3.1173e-26, 1.48465e-37, 2.43848e-11, 9.15544e-66
3119.58, 0.724121, 0.153697, 0.0451255, 1.7891e-05, 0.0506347, 0.0264037, 3.40231e-26, 2.22262e-37, 2.4855e-11, 4.60759e-65
3126.27, 0.72403, 0.152744, 0.0453205, 1.85898e-05, 0.0514838, 0.0264037, 3.71335e-26, 3.3183e-37, 2.53302e-11, 2.28124e-64
3132.92, 0.72394, 0.15179, 0.0455121, 1.93089e-05, 0.0523358, 0.0264037, 4.05281e-26, 4.94089e-37, 2.58105e-11, 1.11159e-63
3139.54, 0.723851, 0.150834, 0.0457003, 2.00485e-05, 0.0531906, 0.0264037, 4.42333e-26, 7.33786e-37, 2.6296e-11, 5.33302e-63
3146.12, 0.723764, 0.149878, 0.0458852, 2.08092e-05, 0.0540482, 0.0264037, 4.82775e-26, 1.08702e-36, 2.67866e-11, 2.52009e-62
3152.68, 0.723678, 0.148921, 0.0460667, 2.15914e-05, 0.0549084, 0.0264037, 5.26921e-26, 1.60637e-36, 2.72824e-11, 1.17338e-61
3159.2, 0.723594, 0.147963, 0.046245, 2.23955e-05, 0.0557713, 0.0264037, 5.75114e-26, 2.36822e-36, 2.77835e-11, 5.38512e-61
3165.69, 0.723512, 0.147005, 0.0464199, 2.32221e-05, 0.0566367, 0.0264037, 6.27728e-26, 3.48333e-36, 2.829e-11, 2.43692e-60
3172.15, 0.723431, 0.146045, 0.0465915, 2.40715e-05, 0.0575046, 0.0264037, 6.85158e-26, 5.02899e-36, 2.88017e-11, 1.08775e-59
3178.58, 0.723351, 0.145085, 0.0467599, 2.49443e-05, 0.058375, 0.0264037, 7.4785e-26, 7.1365e-36, 2.93189e-11, 4.79076e-59
3184.99, 0.723273, 0.144124, 0.0469251, 2.5841e-05, 0.0592477, 0.0264037, 8.16305e-26, 1.01079e-35, 2.98415e-11, 2.08258e-58
3191.37, 0.723197, 0.143163, 0.0470871, 2.67621e-05, 0.0601228, 0.0264037, 8.9106e-26, 1.42901e-35, 3.03697e-11, 8.93833e-58
3197.72, 0.723122, 0.142201, 0.0472459, 2.77081e-05, 0.0610001, 0.0264037, 9.72702e-26, 2.01662e-35, 3.09036e-11, 3.78874e-57
3204.05, 0.723048, 0.141238, 0.0474016, 2.86795e-05, 0.0618796, 0.0264037, 1.06188e-25, 2.84091e-35, 3.14431e-11, 1.58658e-56
3210.35, 0.722976, 0.140275, 0.0475541, 2.96769e-05, 0.0627613, 0.0264037, 1.15929e-25, 3.99537e-35, 3.19885e-11, 6.56561e-56
3216.63, 0.722905, 0.139312, 0.0477035, 3.07009e-05, 0.0636451, 0.0264037, 1.26571e-25, 5.60975e-35, 3.25396e-11, 2.6857e-55
3222.88, 0.722836, 0.138348, 0.0478497, 3.1752e-05, 0.0645309, 0.0264037, 1.38199e-25, 7.86391e-35, 3.30967e-11, 1.08625e-54
3229.12, 0.722768, 0.137384, 0.0479929, 3.28308e-05, 0.0654187, 0.0264037, 1.50905e-25, 1.10069e-34, 3.36598e-11, 4.34513e-54
3235.33, 0.722701, 0.13642, 0.0481331, 3.39379e-05, 0.0663084, 0.0264037, 1.64792e-25, 1.53829e-34, 3.4229e-11, 1.71948e-53
3241.52, 0.722636, 0.135455, 0.0482702, 3.5074e-05, 0.0672001, 0.0264037, 1.79971e-25, 2.14678e-34, 3.48043e-11, 6.73316e-53
3247.7, 0.722572, 0.13449, 0.0484042, 3.62396e-05, 0.0680935, 0.0264037, 1.96565e-25, 2.99175e-34, 3.53858e-11, 2.60962e-52
3253.85, 0.72251, 0.133525, 0.0485352, 3.74354e-05, 0.0689888, 0.0264037, 2.14708e-25, 4.16365e-34, 3.59737e-11, 1.00133e-51
3259.99, 0.722449, 0.13256, 0.0486633, 3.86621e-05, 0.0698857, 0.0264037, 2.34549e-25, 5.787e-34, 3.65679e-11, 3.80473e-51
3266.1, 0.722389, 0.131594, 0.0487883, 3.99203e-05, 0.0707844, 0.0264037, 2.56248e-25, 8.03304e-34, 3.71686e-11, 1.43188e-50
3272.2, 0.722331, 0.130629, 0.0489103, 4.12108e-05, 0.0716847, 0.0264037, 2.79985e-25, 1.11372e-33, 3.77759e-11, 5.33875e-50
3278.29, 0.722274, 0.129664, 0.0490294, 4.25343e-05, 0.0725866, 0.0264037, 3.05956e-25, 1.54226e-33, 3.83899e-11, 1.97247e-49
3284.36, 0.722218, 0.128698, 0.0491456, 4.38914e-05, 0.0734901, 0.0264037, 3.34375e-25, 2.13326e-33, 3.90106e-11, 7.22295e-49
3290.41, 0.722164, 0.127733, 0.0492588, 4.5283e-05, 0.074395, 0.0264037, 3.65479e-25, 2.94748e-33, 3.96382e-11, 2.62206e-48
3296.45, 0.722111, 0.126768, 0.0493691, 4.67098e-05, 0.0753014, 0.0264037, 4.01205e-25, 4.08521e-33, 4.02727e-11, 9.39861e-48
3302.47, 0.72206, 0.125803, 0.0494765, 4.81725e-05, 0.0762093, 0.0264037, 4.4563e-25, 5.72243e-33, 4.09142e-11, 3.30248e-47
3308.49, 0.722009, 0.124838, 0.049581, 4.96721e-05, 0.0771184, 0.0264037, 4.95007e-25, 8.00729e-33, 4.15629e-11, 1.15113e-46
3314.49, 0.72196, 0.123873, 0.0496826, 5.12094e-05, 0.078029, 0.0264037, 5.49898e-25, 1.11931e-32, 4.22189e-11, 3.98125e-46
3320.47, 0.721913, 0.122909, 0.0497813, 5.27851e-05, 0.0789408, 0.0264037, 6.10926e-25, 1.56312e-32, 4.28823e-11, 1.36645e-45
3326.45, 0.721866, 0.121945, 0.0498771, 5.44002e-05, 0.0798538, 0.0264037, 6.78791e-25, 2.18085e-32, 4.35531e-11, 4.65511e-45
3332.42, 0.721821, 0.120981, 0.0499701, 5.60556e-05, 0.080768, 0.0264037, 7.5427e-25, 3.03997e-32, 4.42315e-11, 1.57436e-44
3338.38, 0.721777, 0.120018, 0.0500603, 5.77522e-05, 0.0816834, 0.0264037, 8.38232e-25, 4.23388e-32, 4.49177e-11, 5.28678e-44
3344.32, 0.721735, 0.119054, 0.0501475, 5.94909e-05, 0.0825999, 0.0264037, 9.31649e-25, 5.89184e-32, 4.56116e-11, 1.76306e-43
3350.26, 0.721694, 0.118092, 0.050232, 6.12727e-05, 0.0835175, 0.0264037, 1.03561e-24, 8.19256e-32, 4.63135e-11, 5.83982e-43
3356.19, 0.721654, 0.11713, 0.0503136, 6.30987e-05, 0.0844361, 0.0264037, 1.15132e-24, 1.13832e-31, 4.70235e-11, 1.92163e-42
3362.11, 0.721615, 0.116168, 0.0503924, 6.49699e-05, 0.0853556, 0.0264037, 1.28014e-24, 1.58052e-31, 4.77417e-11, 6.2827e-42
3368.03, 0.721578, 0.115207, 0.0504684, 6.68872e-05, 0.0862762, 0.0264037, 1.42358e-24, 2.19302e-31, 4.84683e-11, 2.04124e-41
3373.94, 0.721541, 0.114247, 0.0505416, 6.88519e-05, 0.0871976, 0.0264037, 1.58335e-24, 3.04094e-31, 4.92033e-11, 6.59148e-41
3379.84, 0.721507, 0.113287, 0.050612, 7.0865e-05, 0.0881199, 0.0264037, 1.76134e-24, 4.21411e-31, 4.99469e-11, 2.11579e-40
3385.74, 0.721473, 0.112328, 0.0506796, 7.29276e-05, 0.0890431, 0.0264037, 1.95969e-24, 5.83659e-31, 5.06993e-11, 6.75212e-40
3391.64, 0.721441, 0.111369, 0.0507444, 7.50411e-05, 0.089967, 0.0264037, 2.18077e-24, 8.0794e-31, 5.14607e-11, 2.14261e-39
3397.53, 0.721409, 0.110412, 0.0508064, 7.72065e-05, 0.0908917, 0.0264037, 2.42726e-24, 1.11784e-30, 5.2231e-11, 6.76157e-39
3403.41, 0.72138, 0.109455, 0.0508657, 7.94251e-05, 0.0918171, 0.0264037, 2.70215e-24, 1.54589e-30, 5.30106e-11, 2.12233e-38
3409.3, 0.721351, 0.108498, 0.0509221, 8.16983e-05, 0.0927431, 0.0264037, 3.00879e-24, 2.13692e-30, 5.37996e-11, 6.62665e-38
3415.18, 0.721323, 0.107543, 0.0509758, 8.40273e-05, 0.0936698, 0.0264037, 3.35097e-24, 2.95273e-30, 5.4598e-11, 2.05856e-37
3421.06, 0.721297, 0.106589, 0.0510267, 8.64135e-05, 0.0945971, 0.0264037, 3.7329e-24, 4.07851e-30, 5.54062e-11, 6.36319e-37
3426.94, 0.721272, 0.105635, 0.0510749, 8.88584e-05, 0.0955249, 0.0264037, 4.15935e-24, 5.63161e-30, 5.62243e-11, 1.95743e-36
3432.82, 0.721249, 0.104683, 0.0511203, 9.13633e-05, 0.0964533, 0.0264037, 4.63564e-24, 7.77377e-30, 5.70524e-11, 5.99305e-36
3438.69, 0.721226, 0.103731, 0.0511629, 9.39298e-05, 0.0973821, 0.0264037, 5.16778e-24, 1.07279e-29, 5.78907e-11, 1.82654e-35
3444.57, 0.721205, 0.102781, 0.0512027, 9.65594e-05, 0.0983113, 0.0264037, 5.76253e-24, 1.48012e-29, 5.87395e-11, 5.54215e-35
3450.45, 0.721185, 0.101831, 0.0512398, 9.92537e-05, 0.099241, 0.0264037, 6.42746e-24, 2.04169e-29, 5.95988e-11, 1.67437e-34
3456.33, 0.721166, 0.100883, 0.0512741, 0.000102014, 0.100171, 0.0264037, 7.17113e-24, 2.81584e-29, 6.0469e-11, 5.03735e-34
3462.22, 0.721149, 0.0999359, 0.0513057, 0.000104843, 0.101101, 0.0264037, 8.00316e-24, 3.88297e-29, 6.13501e-11, 1.50931e-33
3468.1, 0.721132, 0.0989899, 0.0513345, 0.000107741, 0.102032, 0.0264037, 8.93441e-24, 5.35395e-29, 6.22425e-11, 4.50445e-33
3473.99, 0.721117, 0.0980452, 0.0513606, 0.000110711, 0.102963, 0.0264037, 9.9771e-24, 7.38163e-29, 6.31463e-11, 1.33919e-32
3479.88, 0.721103, 0.0971018, 0.0513839, 0.000113754, 0.103894, 0.0264037, 3.68031e-27, 1.04449e-32, 2.3567e-11, 3.95441e-30
3485.78, 0.72109, 0.0961596, 0.0514044, 0.000116873, 0.104825, 0.0264037, 4.1266e-27, 1.46679e-32, 2.39081e-11, 1.27377e-29
3491.69, 0.721079, 0.0952188, 0.0514222, 0.000120068, 0.105756, 0.0264037, 4.62861e-27, 2.01173e-32, 2.42535e-11, 4.08774e-29
3497.59, 0.721069, 0.0942794, 0.0514372, 0.000123343, 0.106688, 0.0264037, 5.19371e-27, 2.75914e-32, 2.46033e-11, 1.30707e-28
3503.51, 0.721059, 0.0933415, 0.0514494, 0.0001267, 0.107619, 0.0264037, 5.83014e-27, 3.78439e-32, 2.49578e-11, 4.16468e-28
3509.43, 0.721052, 0.092405, 0.0514589, 0.000130139, 0.108551, 0.0264037, 6.54726e-27, 5.19098e-32, 2.5317e-11, 1.32251e-27
3515.36, 0.721045, 0.09147, 0.0514656, 0.000133665, 0.109482, 0.0264037, 7.35569e-27, 7.1211e-32, 2.5681e-11, 4.18599e-27
3521.29, 0.721039, 0.0905366, 0.0514696, 0.000137278, 0.110413, 0.0264037, 8.26751e-27, 9.77013e-32, 2.60498e-11, 1.32076e-26
3527.24, 0.721035, 0.0896048, 0.0514707, 0.000140982, 0.111345, 0.0264037, 9.29649e-27, 1.34068e-31, 2.64237e-11, 4.15466e-26
3533.19, 0.721032, 0.0886746, 0.0514691, 0.000144779, 0.112276, 0.0264037, 1.04583e-26, 1.84007e-31, 2.68026e-11, 1.30311e-25
3539.16, 0.72103, 0.0877461, 0.0514647, 0.000148671, 0.113207, 0.0264037, 1.17707e-26, 2.52605e-31, 2.71867e-11, 4.07576e-25
3545.13, 0.72103, 0.0868193, 0.0514575, 0.00015266, 0.114137, 0.0264037, 1.32542e-26, 3.46863e-31, 2.75761e-11, 1.27134e-24
3551.12, 0.72103, 0.0858944, 0.0514475, 0.000156751, 0.115068, 0.0264037, 1.49319e-26, 4.76429e-31, 2.79708e-11, 3.95552e-24
3557.11, 0.721032, 0.0849712, 0.0514347, 0.000160945, 0.115998, 0.0264037, 1.68304e-26, 6.546e-31, 2.83711e-11, 1.22765e-23
3563.12, 0.721035, 0.08405, 0.0514192, 0.000165245, 0.116927, 0.0264037, 1.89799e-26, 8.99709e-31, 2.8777e-11, 3.80117e-23
3569.14, 0.721039, 0.0831306, 0.0514008, 0.000169655, 0.117856, 0.0264037, 2.14151e-26, 1.23707e-30, 2.91887e-11, 1.17433e-22
3575.18, 0.721044, 0.0822132, 0.0513796, 0.000174177, 0.118785, 0.0264037, 2.41756e-26, 1.70161e-30, 2.96062e-11, 3.62021e-22
3581.23, 0.721051, 0.0812978, 0.0513556, 0.000178815, 0.119713, 0.0264037, 2.73068e-26, 2.34164e-30, 3.00298e-11, 1.11378e-21
3587.29, 0.721059, 0.0803845, 0.0513287, 0.000183571, 0.120641, 0.0264037, 3.08609e-26, 3.22391e-30, 3.04594e-11, 3.42008e-21
3593.37, 0.721068, 0.0794733, 0.0512991, 0.00018845, 0.121568, 0.0264037, 3.48973e-26, 4.44081e-30, 3.08953e-11, 1.04829e-20
3599.46, 0.721078, 0.0785642, 0.0512666, 0.000193454, 0.122494, 0.0264037, 3.94847e-26, 6.12033e-30, 3.13377e-11, 3.20766e-20
3605.57, 0.721089, 0.0776574, 0.0512313, 0.000198588, 0.12342, 0.0264037, 4.47016e-26, 8.43979e-30, 3.17865e-11, 9.7995e-20
3611.7, 0.721102, 0.0767528, 0.0511931, 0.000203855, 0.124345, 0.0264037, 5.06386e-26, 1.16452e-29, 3.22421e-11, 2.98927e-19
3617.85, 0.721115, 0.0758505, 0.051152, 0.00020926, 0.125269, 0.0264037, 5.73999e-26, 1.60781e-29, 3.27045e-11, 9.10603e-19
3624.01, 0.72113, 0.0749506, 0.0511081, 0.000214805, 0.126192, 0.0264037, 6.51053e-26, 2.22131e-29, 3.31741e-11, 2.77031e-18
3630.2, 0.721146, 0.0740532, 0.0510614, 0.000220496, 0.127115, 0.0264037, 7.38936e-26, 3.07107e-29, 3.36511e-11, 8.41814e-18
3636.4, 0.721164, 0.0731581, 0.0510117, 0.000226337, 0.128036, 0.0264037, 8.39261e-26, 4.24909e-29, 3.41365e-11, 2.55519e-17
3642.62, 0.721182, 0.0722657, 0.0509592, 0.000232332, 0.128957, 0.0264037, 9.53922e-26, 5.88387e-29, 3.46321e-11, 7.74764e-17
3648.87, 0.721202, 0.0713758, 0.0509038, 0.000238485, 0.129876, 0.0264037, 1.08523e-25, 8.15585e-29, 3.51432e-11, 2.34664e-16
3655.13, 0.721223, 0.0704886, 0.0508455, 0.000244803, 0.130795, 0.0264037, 1.23624e-25, 1.13212e-28, 3.56841e-11, 7.09775e-16
3661.42, 0.721245, 0.069604, 0.0507842, 0.000251289, 0.131712, 0.0264037, 1.41163e-25, 1.5755e-28, 3.62949e-11, 2.14181e-15
3667.74, 0.721268, 0.0687223, 0.0507201, 0.000257949, 0.132628, 0.0264037, 6.23103e-31, 8.88037e-35, 2.45091e-09, 8.40384e-14
3674.07, 0.721293, 0.0678433, 0.050653, 0.000264789, 0.133543, 0.0264037, 6.15043e-31, 1.1545e-34, 2.55472e-09, 8.75981e-14
3680.44, 0.721318, 0.0669672, 0.050583, 0.000271813, 0.134456, 0.0264037, 3.06514e-31, 7.57979e-35, 2.66291e-09, 9.13078e-14
3686.82, 0.721345, 0.0660941, 0.05051, 0.000279028, 0.135368, 0.0264037, 2.40283e-31, 7.82995e-35, 2.77567e-09, 9.51742e-14
3693.24, 0.721373, 0.065224, 0.0504341, 0.00028644, 0.136279, 0.0264037, 2.80969e-31, 1.20683e-34, 2.89321e-09, 9.92043e-14
3699.68, 0.721402, 0.064357, 0.0503553, 0.000294055, 0.137188, 0.0264037, 2.56551e-29, 2.3184e-32, 3.01573e-09, 1.03405e-13
3706.15, 0.721433, 0.0634931, 0.0502734, 0.000301879, 0.138095, 0.0264037, 2.55631e-28, 2.98842e-31, 3.14346e-09, 1.07785e-13
3712.64, 0.721464, 0.0626324, 0.0501886, 0.000309919, 0.139001, 0.0264037, 2.46131e-27, 3.72354e-30, 3.27664e-09, 1.12352e-13
3719.17, 0.721497, 0.061775, 0.0501008, 0.000318182, 0.139905, 0.0264037, 4.92745e-28, 6.41034e-31, 3.41552e-09, 1.17114e-13
3725.73, 0.721531, 0.060921, 0.0500101, 0.000326676, 0.140808, 0.0264037, 6.02852e-28, 1.03564e-30, 3.56034e-09, 1.2208e-13
3732.32, 0.721566, 0.0600703, 0.0499163, 0.000335408, 0.141709, 0.0264037, 8.79397e-27, 2.88971e-29, 3.71139e-09, 1.27259e-13
3738.94, 0.721602, 0.0592231, 0.0498195, 0.000344385, 0.142607, 0.0264037, 1.46342e-25, 8.85056e-28, 3.86895e-09, 1.32661e-13
3745.59, 0.721639, 0.0583795, 0.0497196, 0.000353616, 0.143504, 0.0264037, 5.63462e-27, 3.04771e-29, 4.03333e-09, 1.38298e-13
3752.28, 0.721678, 0.0575396, 0.0496168, 0.000363109, 0.144399, 0.0264037, 1.17845e-26, 7.96998e-29, 4.20482e-09, 1.44178e-13
3759, 0.721718, 0.0567033, 0.0495109, 0.000372873, 0.145292, 0.0264037, 2.32618e-24, 2.63477e-26, 4.38378e-09, 1.50314e-13
3765.75, 0.721758, 0.0558708, 0.0494019, 0.000382917, 0.146182, 0.0264037, 3.16845e-22, 5.78076e-24, 4.57053e-09, 1.56718e-13
3772.54, 0.7218, 0.0550422, 0.04929, 0.00039325, 0.147071, 0.0264037, 5.4352e-23, 9.26841e-25, 4.76546e-09, 1.63401e-13
3779.37, 0.721843, 0.0542175, 0.0491749, 0.000403882, 0.147957, 0.0264037, 7.50715e-23, 1.5715e-24, 4.96894e-09, 1.70379e-13
3786.24, 0.721887, 0.0533968, 0.0490568, 0.000414824, 0.14884, 0.0264037, 5.37633e-23, 1.38203e-24, 5.18138e-09, 1.77663e-13
3793.15, 0.721933, 0.0525802, 0.0489356, 0.000426086, 0.149722, 0.0264037, 7.21645e-22, 2.76505e-23, 5.40321e-09, 1.85269e-13
3800.09, 0.721979, 0.0517679, 0.0488113, 0.000437679, 0.1506, 0.0264037, 3.48827e-23, 1.35363e-24, 5.63486e-09, 1.93212e-13
3807.08, 0.722027, 0.0509597, 0.048684, 0.000449614, 0.151476, 0.0264037, 7.47081e-23, 3.56399e-24, 5.87682e-09, 2.01509e-13
3814.1, 0.722075, 0.050156, 0.0485536, 0.000461904, 0.15235, 0.0264037, 4.73133e-22, 2.77592e-23, 6.12958e-09, 2.10175e-13
3821.17, 0.722125, 0.0493567, 0.04842, 0.00047456, 0.15322, 0.0264037, 4.52909e-19, 4.10537e-20, 6.39366e-09, 2.1923e-13
3828.29, 0.722176, 0.0485619, 0.0482834, 0.000487596, 0.154088, 0.0264037, 8.12938e-20, 7.93408e-21, 6.66961e-09, 2.28692e-13
3835.44, 0.722227, 0.0477717, 0.0481437, 0.000501025, 0.154953, 0.0264037, 1.18878e-19, 1.40041e-20, 6.958e-09, 2.38581e-13
3842.65, 0.72228, 0.0469862, 0.0480008, 0.00051486, 0.155814, 0.0264037, 1.342e-18, 2.01418e-19, 7.25945e-09, 2.48917e-13
3849.9, 0.722334, 0.0462056, 0.0478549, 0.000529117, 0.156673, 0.0264037, 8.43973e-20, 1.45032e-20, 7.57459e-09, 2.59723e-13
3857.19, 0.722389, 0.0454298, 0.0477058, 0.00054381, 0.157528, 0.0264037, 1.02266e-19, 2.12396e-20, 7.9041e-09, 2.71022e-13
3864.54, 0.722445, 0.044659, 0.0475536, 0.000558955, 0.15838, 0.0264037, 2.5493e-19, 6.40202e-20, 8.2487e-09, 2.82837e-13
3871.93, 0.722502, 0.0438933, 0.0473984, 0.000574569, 0.159228, 0.0264037, 8.06961e-18, 2.38529e-18, 8.60913e-09, 2.95196e-13
3879.37, 0.72256, 0.0431328, 0.04724, 0.000590667, 0.160073, 0.0264037, 2.21126e-17, 7.80635e-18, 8.98617e-09, 3.08124e-13
3886.87, 0.722618, 0.0423776, 0.0470785, 0.000607268, 0.160915, 0.0264037, 4.20896e-16, 1.67563e-16, 9.38067e-09, 3.21651e-13
3894.41, 0.722678, 0.0416278, 0.0469139, 0.00062439, 0.161752, 0.0264037, 6.27759e-17, 3.23283e-17, 9.7935e-09, 3.35806e-13
3902.01, 0.722739, 0.0408834, 0.0467462, 0.000642051, 0.162586, 0.0264037, 5.10568e-16, 2.84933e-16, 1.02256e-08, 3.50622e-13
3909.66, 0.7228, 0.0401447, 0.0465755, 0.000660272, 0.163416, 0.0264037, 7.60512e-17, 5.72834e-17, 1.06779e-08, 3.6613e-13
3917.37, 0.722862, 0.0394116, 0.0464016, 0.000679074, 0.164242, 0.0264037, 1.1732e-16, 1.06982e-16, 1.11514e-08, 3.82368e-13
3925.14, 0.722926, 0.0386843, 0.0462247, 0.000698476, 0.165063, 0.0264037, 1.45555e-15, 1.35437e-15, 1.16473e-08, 3.99371e-13
3932.96, 0.72299, 0.0379629, 0.0460447, 0.000718502, 0.165881, 0.0264037, 2.61996e-15, 2.80112e-15, 1.21667e-08, 4.17179e-13
3940.84, 0.723054, 0.0372475, 0.0458617, 0.000739175, 0.166694, 0.0264037, 4.78179e-15, 5.80551e-15, 1.27107e-08, 4.35833e-13
3948.77, 0.72312, 0.0365383, 0.0456756, 0.000760518, 0.167502, 0.0264037, 4.80961e-14, 5.24695e-14, 1.32808e-08, 4.55372e-13
3956.77, 0.723186, 0.0358352, 0.0454866, 0.000782557, 0.168306, 0.0264037, 5.96847e-14, 7.24549e-14, 1.38781e-08, 4.7585e-13
3964.83, 0.723253, 0.0351385, 0.0452945, 0.000805316, 0.169105, 0.0264037, 7.48994e-14, 1.01214e-13, 1.4504e-08, 4.97312e-13
3972.95, 0.72332, 0.0344482, 0.0450994, 0.000828824, 0.169899, 0.0264037, 9.5712e-14, 1.44025e-13, 1.51601e-08, 5.19807e-13
3981.13, 0.723389, 0.0337645, 0.0449014, 0.000853106, 0.170689, 0.0264037, 1.25697e-13, 2.10698e-13, 1.58479e-08, 5.43391e-13
3989.37, 0.723457, 0.0330874, 0.0447005, 0.000878194, 0.171473, 0.0264037, 1.71104e-13, 3.19606e-13, 1.65691e-08, 5.68119e-13
3997.68, 0.723527, 0.032417, 0.0444966, 0.000904115, 0.172252, 0.0264037, 2.41154e-13, 5.02144e-13, 1.73254e-08, 5.94051e-13
4006.05, 0.723596, 0.0317536, 0.0442899, 0.000930901, 0.173026, 0.0264037, 3.42237e-13, 7.9469e-13, 1.81187e-08, 6.2125e-13
4014.49, 0.723666, 0.0310971, 0.0440804, 0.000958585, 0.173794, 0.0264037, 4.4121e-13, 1.14291e-12, 1.89506e-08, 6.49784e-13
4022.99, 0.723737, 0.0304477, 0.043868, 0.000987199, 0.174557, 0.0264037, 5.63581e-13, 1.62923e-12, 1.98234e-08, 6.79723e-13
4031.57, 0.723808, 0.0298055, 0.0436528, 0.00101678, 0.175313, 0.0264037, 7.25046e-13, 2.33998e-12, 2.07391e-08, 7.11142e-13
4040.21, 0.723879, 0.0291707, 0.043435, 0.00104736, 0.176064, 0.0264037, 9.41724e-13, 3.39433e-12, 2.16999e-08, 7.44118e-13
4048.91, 0.72395, 0.0285432, 0.0432144, 0.00107897, 0.17681, 0.0264037, 1.23772e-12, 4.98421e-12, 2.2708e-08, 7.78739e-13
4057.69, 0.724022, 0.0279232, 0.0429912, 0.00111166, 0.177549, 0.0264037, 1.64569e-12, 7.4068e-12, 2.37657e-08, 8.15095e-13
4066.54, 0.724093, 0.0273109, 0.0427654, 0.00114547, 0.178281, 0.0264037, 2.13625e-12, 1.07498e-11, 2.48755e-08, 8.53279e-13
4075.45, 0.724165, 0.0267063, 0.0425371, 0.00118043, 0.179008, 0.0264037, 2.75033e-12, 1.54798e-11, 2.604e-08, 8.93396e-13
4084.44, 0.724236, 0.0261095, 0.0423063, 0.00121659, 0.179728, 0.0264037, 3.55027e-12, 2.14878e-11, 2.72619e-08, 9.35545e-13
4093.5, 0.724308, 0.0255206, 0.0420731, 0.00125398, 0.180441, 0.0264037, 4.59577e-12, 2.92984e-11, 2.85441e-08, 9.79838e-13
4102.62, 0.724379, 0.0249397, 0.0418375, 0.00129266, 0.181147, 0.0264037, 5.9665e-12, 4.00093e-11, 2.9889e-08, 1.02641e-12
4111.82, 0.72445, 0.024367, 0.0415996, 0.00133268, 0.181847, 0.0264037, 7.7678e-12, 5.47145e-11, 3.12995e-08, 1.07539e-12
4121.09, 0.724521, 0.0238024, 0.0413595, 0.00137406, 0.182539, 0.0264037, 2.10413e-11, 7.98231e-11, 3.27742e-08, 1.12707e-12
4130.44, 0.724591, 0.0232461, 0.0411173, 0.00141688, 0.183225, 0.0264037, 2.58583e-11, 9.69059e-11, 3.43294e-08, 1.18113e-12
4139.85, 0.724661, 0.0226982, 0.040873, 0.00146116, 0.183903, 0.0264037, 3.18381e-11, 1.04947e-10, 3.59686e-08, 1.23774e-12
4149.33, 0.72473, 0.0221587, 0.0406267, 0.00150698, 0.184574, 0.0264037, 3.92647e-11, 1.13687e-10, 3.769e-08, 1.29721e-12
4158.89, 0.724799, 0.0216277, 0.0403785, 0.00155437, 0.185237, 0.0264037, 4.85015e-11, 1.23186e-10, 3.94978e-08, 1.3597e-12
4168.51, 0.724866, 0.0211054, 0.0401284, 0.00160339, 0.185893, 0.0264037, 5.99828e-11, 1.33513e-10, 4.13963e-08, 1.42537e-12
4178.21, 0.724933, 0.0205916, 0.0398767, 0.0016541, 0.186541, 0.0264037, 7.42623e-11, 1.44741e-10, 4.33898e-08, 1.49437e-12
4187.98, 0.724999, 0.0200866, 0.0396233, 0.00170654, 0.187181, 0.0264037, 9.20688e-11, 1.56949e-10, 4.54831e-08, 1.56688e-12
4197.81, 0.725064, 0.0195904, 0.0393683, 0.00176079, 0.187813, 0.0264037, 1.14299e-10, 1.70224e-10, 4.76808e-08, 1.64308e-12
4207.72, 0.725127, 0.0191029, 0.039112, 0.00181688, 0.188437, 0.0264037, 1.41959e-10, 1.8466e-10, 4.99881e-08, 1.72316e-12
4217.69, 0.725189, 0.0186244, 0.0388543, 0.00187489, 0.189053, 0.0264037, 1.69064e-10, 2.00364e-10, 5.24114e-08, 1.80725e-12
4227.72, 0.72525, 0.0181547, 0.0385953, 0.00193488, 0.189661, 0.0264037, 2.01449e-10, 2.17443e-10, 5.49552e-08, 1.89561e-12
4237.83, 0.72531, 0.0176939, 0.0383353, 0.00199689, 0.19026, 0.0264037, 2.40152e-10, 2.36018e-10, 5.76253e-08, 1.98844e-12
