T, N2, O2, NO, N, O, Ar, Ar+, N+, O+, e-
598.148, 0.773299, 0.207487, 1.91427e-08, 0, 6.63363e-314, 0.0192136, 6.74643e-43, 0, 4.68682e-225, 0
624.544, 0.773299, 0.207487, 4.1606e-08, 0, 1.02156e-290, 0.0192136, 3.74094e-42, 0, 5.09052e-214, 0
650.737, 0.773299, 0.207487, 8.44662e-08, 0, 1.0853e-267, 0.0192136, 1.75992e-41, 0, 3.59674e-203, 0
676.727, 0.773299, 0.207487, 1.61554e-07, 0, 5.31324e-245, 0.0192136, 7.25333e-41, 0, 1.52134e-192, 0
702.518, 0.773299, 0.207487, 2.93228e-07, 0, 2.53865e-223, 0.0192136, 2.66609e-40, 0, 3.58612e-182, 0
728.115, 0.773299, 0.207487, 5.08177e-07, 0, 1.7695e-202, 0.0192136, 8.86081e-40, 0, 4.35349e-172, 0
753.521, 0.773299, 0.207487, 8.45313e-07, 0, 2.57451e-182, 0.0192136, 2.69342e-39, 0, 2.29112e-162, 0
778.743, 0.773298, 0.207487, 1.3557e-06, 0, 5.25316e-163, 0.0192136, 7.56163e-39, 0, 3.37628e-153, 0
803.786, 0.773298, 0.207486, 2.1044e-06, 0, 5.49301e-139, 0.0192136, 5.37464e-38, 0, 4.38487e-142, 0
828.658, 0.773297, 0.207486, 3.17223e-06, 0, 6.2872e-116, 0.0192136, 3.58401e-37, 0, 1.43409e-129, 0
853.362, 0.773297, 0.207485, 4.65728e-06, 0, 4.21376e-93, 0.0192136, 6.13354e-36, 0, 2.49978e-119, 0
877.907, 0.773296, 0.207484, 6.67625e-06, 0, 3.25784e-75, 0.0192136, 3.66591e-35, 0, 3.4871e-109, 0
902.298, 0.773294, 0.207483, 9.36548e-06, 0, 6.47696e-58, 0.0192136, 5.68156e-34, 0, 3.41218e-101, 0
926.541, 0.773293, 0.207481, 1.28817e-05, 0, 3.28297e-44, 0.0192136, 3.10329e-33, 0, 6.13471e-93, 0
950.641, 0.77329, 0.207479, 1.74023e-05, 0, 4.11987e-32, 0.0192136, 1.62994e-32, 0, 1.85189e-85, 0
974.605, 0.773287, 0.207476, 2.31259e-05, 0, 1.77617e-21, 0.0192136, 8.25956e-32, 0, 1.11564e-78, 0
998.435, 0.773284, 0.207472, 3.02715e-05, 0, 3.42051e-12, 0.0192136, 4.05005e-31, 0, 1.55994e-72, 0
1022.14, 0.773279, 0.207468, 3.90789e-05, 0, 3.62594e-10, 0.0192136, 1.92676e-30, 0, 5.78392e-67, 0
1045.72, 0.773274, 0.207462, 4.98069e-05, 6.5846e-306, 7.01085e-10, 0.0192136, 8.91413e-30, 0, 6.39423e-62, 0
1069.18, 0.773268, 0.207456, 6.27334e-05, 3.76965e-281, 1.31257e-09, 0.0192136, 4.01915e-29, 0, 2.33923e-57, 0
1092.53, 0.77326, 0.207448, 7.81534e-05, 6.29216e-258, 2.38512e-09, 0.0192136, 1.76936e-28, 0, 3.1057e-53, 0
1115.77, 0.773251, 0.207439, 9.63783e-05, 3.83439e-236, 4.21562e-09, 0.0192136, 7.61855e-28, 0, 1.62541e-49, 0
1138.89, 0.77324, 0.207429, 0.000117734, 3.72303e-224, 7.26137e-09, 0.0192136, 1.18217e-27, 0, 1.69368e-44, 0
1161.92, 0.773228, 0.207416, 0.000142559, 1.47942e-204, 1.22109e-08, 0.0192136, 4.89145e-27, 0, 1.85277e-41, 0
1184.84, 0.773213, 0.207402, 0.000171204, 3.6261e-186, 2.0079e-08, 0.0192136, 1.98797e-26, 0, 9.71729e-39, 0
1207.67, 0.773197, 0.207385, 0.000204027, 6.44637e-169, 3.23319e-08, 0.0192136, 7.94509e-26, 0, 2.5788e-36, 0
1230.39, 0.773178, 0.207367, 0.000241397, 1.40171e-159, 5.10498e-08, 0.0192136, 1.14994e-25, 0, 2.32724e-32, 0
1253.02, 0.773157, 0.207345, 0.000283686, 4.67561e-144, 7.91331e-08, 0.0192136, 4.45803e-25, 0, 2.56462e-30, 0
1275.56, 0.773133, 0.207322, 0.000331271, 1.23528e-135, 1.20561e-07, 0.0192136, 6.26709e-25, 0, 1.27933e-26, 0
1298.01, 0.773107, 0.207295, 0.00038453, 7.27126e-122, 1.80711e-07, 0.0192136, 2.35262e-24, 0, 5.45274e-25, 0
1320.37, 0.773077, 0.207265, 0.000443843, 3.63001e-109, 2.66747e-07, 0.0192136, 8.39028e-24, 0, 1.76279e-23, 0
1342.65, 0.773044, 0.207232, 0.000509588, 1.23965e-102, 3.88088e-07, 0.0192136, 5.64414e-26, 0, 1.71751e-22, 0
1364.83, 0.773008, 0.207196, 0.000582138, 1.40355e-91, 5.56961e-07, 0.0192136, 7.70358e-26, 5.40638e-311, 9.7129e-22, 0
1386.94, 0.772968, 0.207156, 0.000661864, 5.43109e-86, 7.8905e-07, 0.0192136, 1.12547e-28, 4.96425e-307, 1.19977e-21, 0
1408.96, 0.772924, 0.207112, 0.000749128, 2.18566e-76, 1.10425e-06, 0.0192136, 1.14694e-28, 3.7938e-292, 3.16753e-21, 0
1430.89, 0.772876, 0.207064, 0.000844285, 1.31701e-71, 1.52753e-06, 0.0192136, 2.43489e-31, 1.35376e-288, 3.55876e-21, 0
1452.74, 0.772824, 0.207012, 0.000947681, 4.18721e-67, 2.08993e-06, 0.0192136, 7.59781e-34, 4.52942e-285, 4.55535e-21, 0
1474.52, 0.772768, 0.206956, 0.00105965, 2.70102e-59, 2.82962e-06, 0.0192136, 2.33577e-33, 5.23676e-271, 1.65044e-20, 0
1496.21, 0.772707, 0.206895, 0.00118052, 1.94077e-55, 3.79319e-06, 0.0192136, 1.10189e-35, 9.57893e-268, 2.43034e-20, 0
1517.82, 0.772642, 0.206829, 0.00131059, 9.63701e-49, 5.03694e-06, 0.0192136, 7.43303e-35, 3.38151e-254, 1.14935e-19, 0
1539.35, 0.772571, 0.206758, 0.00145016, 1.66751e-45, 6.6284e-06, 0.0192136, 6.51338e-37, 3.65534e-251, 1.96418e-19, 0
1560.8, 0.772496, 0.206682, 0.00159952, 2.13081e-42, 8.64794e-06, 0.0192135, 4.07645e-39, 2.19133e-248, 2.15198e-19, 0
1582.17, 0.772415, 0.206601, 0.00175892, 4.39437e-37, 1.11904e-05, 0.0192135, 2.05626e-38, 5.49523e-236, 4.41656e-19, 0
1603.46, 0.772329, 0.206514, 0.0019286, 1.71625e-34, 1.43671e-05, 0.0192135, 1.55472e-40, 1.65253e-233, 4.40448e-19, 0
1624.67, 0.772238, 0.206422, 0.0021088, 4.94219e-30, 1.83074e-05, 0.0192135, 4.31639e-39, 4.28201e-221, 3.11582e-18, 0
1645.8, 0.77214, 0.206324, 0.00229971, 6.79255e-28, 2.31612e-05, 0.0192134, 5.62774e-41, 8.89224e-219, 3.69607e-18, 0
1666.85, 0.772037, 0.206219, 0.00250153, 8.09272e-26, 2.91005e-05, 0.0192133, 3.81657e-43, 7.98606e-217, 2.11419e-18, 0
1687.81, 0.771928, 0.206108, 0.00271442, 1.7477e-22, 3.63216e-05, 0.0192133, 1.44529e-41, 4.09048e-205, 1.33434e-17, 0
1708.69, 0.771812, 0.205991, 0.00293851, 8.76186e-21, 4.50475e-05, 0.0192132, 2.43425e-43, 4.49676e-203, 1.51623e-17, 0
1729.49, 0.771691, 0.205867, 0.00317392, 3.32415e-19, 5.55295e-05, 0.0192131, 2.45929e-45, 2.35081e-201, 8.9969e-18, 0
1750.2, 0.771562, 0.205736, 0.00342074, 1.14792e-17, 6.80497e-05, 0.019213, 9.72544e-47, 3.84038e-199, 1.77509e-17, 0
1770.82, 0.771427, 0.205598, 0.00367904, 1.60354e-15, 8.29223e-05, 0.0192128, 3.02295e-45, 1.45002e-188, 3.41617e-17, 0
1791.34, 0.771286, 0.205452, 0.00394886, 2.75011e-14, 0.000100496, 0.0192127, 1.09082e-46, 1.17973e-186, 3.65368e-17, 0
1811.78, 0.771137, 0.205299, 0.00423019, 3.65875e-13, 0.000121154, 0.0192125, 4.97742e-48, 1.04833e-184, 3.88944e-17, 0
1832.11, 0.770981, 0.205138, 0.00452303, 4.52342e-12, 0.000145318, 0.0192122, 2.28284e-49, 7.65518e-183, 3.31383e-17, 0
1852.35, 0.770818, 0.204969, 0.00482732, 5.62689e-11, 0.000173448, 0.019212, 2.77658e-47, 1.5556e-172, 9.59275e-17, 0
1872.49, 0.770648, 0.204791, 0.00514298, 2.14724e-10, 0.00020604, 0.0192116, 2.16688e-48, 1.02599e-170, 8.60291e-17, 0
1892.52, 0.77047, 0.204605, 0.00546991, 2.95881e-10, 0.000243632, 0.0192113, 2.26754e-49, 7.61849e-169, 8.36959e-17, 0
1912.44, 0.770284, 0.20441, 0.00580795, 4.04284e-10, 0.000286798, 0.0192109, 2.69382e-50, 5.42026e-167, 7.85758e-17, 0
1932.24, 0.770091, 0.204206, 0.00615694, 5.47894e-10, 0.000336153, 0.0192104, 7.28475e-48, 3.74413e-157, 2.02723e-16, 0
1951.93, 0.769889, 0.203992, 0.00651666, 7.36631e-10, 0.000392346, 0.0192099, 1.22031e-48, 2.23701e-155, 1.96557e-16, 0
1971.49, 0.769679, 0.203769, 0.00688688, 9.82756e-10, 0.000456062, 0.0192092, 2.53159e-49, 1.52061e-153, 1.97451e-16, 0
1990.93, 0.769461, 0.203535, 0.00726732, 1.3013e-09, 0.000528021, 0.0192086, 5.7637e-50, 9.69798e-152, 2.04096e-16, 0
2010.23, 0.769235, 0.203291, 0.00765767, 1.71052e-09, 0.000608969, 0.0192078, 3.43143e-47, 3.08532e-142, 6.03662e-16, 0
2029.4, 0.769, 0.203036, 0.00805761, 2.23246e-09, 0.000699681, 0.0192069, 1.11676e-47, 1.79706e-140, 6.66914e-16, 0
2048.42, 0.768756, 0.20277, 0.00846676, 2.89351e-09, 0.000800953, 0.0192059, 4.67198e-48, 1.17457e-138, 7.45844e-16, 0
2067.3, 0.768503, 0.202493, 0.00888473, 3.72501e-09, 0.0009136, 0.0192049, 2.0301e-48, 6.98121e-137, 8.30816e-16, 0
2086.02, 0.768242, 0.202205, 0.0093111, 4.76389e-09, 0.00103845, 0.0192037, 9.74531e-49, 4.02429e-135, 9.12467e-16, 9.22371e-320
2104.59, 0.767971, 0.201904, 0.00974542, 6.0534e-09, 0.00117633, 0.0192023, 5.14751e-49, 2.24714e-133, 9.90756e-16, 3.90438e-313
2122.98, 0.767692, 0.201592, 0.0101872, 7.64376e-09, 0.00132809, 0.0192009, 6.25949e-46, 1.77233e-124, 2.92251e-15, 1.21113e-293
2141.21, 0.767403, 0.201267, 0.010636, 9.59293e-09, 0.00149455, 0.0191993, 3.54252e-46, 6.99368e-123, 3.16916e-15, 1.10901e-287
2159.27, 0.767105, 0.20093, 0.0110913, 1.19672e-08, 0.00167653, 0.0191975, 2.05411e-46, 2.52046e-121, 3.43379e-15, 7.15425e-282
2177.14, 0.766798, 0.200579, 0.0115525, 1.48422e-08, 0.00187484, 0.0191956, 1.27545e-46, 8.69347e-120, 3.71439e-15, 3.13378e-276
2194.84, 0.766481, 0.200216, 0.0120191, 1.83031e-08, 0.00209027, 0.0191935, 8.41718e-47, 2.8554e-118, 4.01219e-15, 9.4553e-271
2212.34, 0.766155, 0.199839, 0.0124906, 2.24458e-08, 0.00232355, 0.0191913, 5.66941e-47, 8.59905e-117, 4.33022e-15, 2.06069e-265
2229.65, 0.76582, 0.199449, 0.0129665, 2.73769e-08, 0.00257542, 0.0191889, 9.58021e-44, 1.57087e-108, 1.26916e-14, 4.81693e-249
2246.76, 0.765475, 0.199046, 0.0134461, 3.32148e-08, 0.00284655, 0.0191863, 6.79753e-44, 3.50876e-107, 1.36699e-14, 2.92125e-244
2263.68, 0.765121, 0.198629, 0.0139289, 4.00899e-08, 0.00313758, 0.0191835, 4.90785e-44, 7.24802e-106, 1.4707e-14, 1.7771e-239
2280.39, 0.764758, 0.198198, 0.0144144, 4.8145e-08, 0.0034491, 0.0191805, 3.60292e-44, 1.38699e-104, 1.58036e-14, 9.56834e-235
2296.89, 0.764386, 0.197753, 0.014902, 5.75356e-08, 0.00378165, 0.0191773, 2.68727e-44, 2.46307e-103, 1.69607e-14, 3.87937e-230
2313.19, 0.764004, 0.197295, 0.0153912, 6.84298e-08, 0.00413571, 0.0191739, 2.03491e-44, 4.06619e-102, 1.81788e-14, 1.19269e-225
2329.27, 0.763614, 0.196823, 0.0158815, 8.10093e-08, 0.00451172, 0.0191703, 1.56332e-44, 6.25169e-101, 1.94586e-14, 2.80063e-221
2345.15, 0.763214, 0.196337, 0.0163723, 9.54682e-08, 0.00491004, 0.0191665, 3.2696e-41, 2.54747e-93, 5.65417e-14, 1.10727e-207
2360.81, 0.762806, 0.195837, 0.0168632, 1.12014e-07, 0.00533099, 0.0191624, 2.60845e-41, 3.06489e-92, 6.0359e-14, 9.03321e-204
2376.26, 0.762389, 0.195324, 0.0173537, 1.30866e-07, 0.00577483, 0.0191581, 2.10637e-41, 3.46241e-91, 6.43468e-14, 5.8291e-200
2391.5, 0.761964, 0.194797, 0.0178434, 1.52258e-07, 0.00624175, 0.0191537, 1.77864e-41, 3.80329e-90, 6.85051e-14, 2.89727e-196
2406.52, 0.76153, 0.194257, 0.0183318, 1.76433e-07, 0.00673191, 0.019149, 1.56224e-41, 4.0499e-89, 7.28342e-14, 1.12151e-192
2421.33, 0.761088, 0.193704, 0.0188185, 2.0365e-07, 0.00724539, 0.019144, 1.38474e-41, 4.06503e-88, 7.7334e-14, 3.50518e-189
2435.93, 0.760638, 0.193137, 0.0193032, 2.34174e-07, 0.00778222, 0.0191389, 1.23806e-41, 3.85267e-87, 8.20044e-14, 8.90049e-186
2450.32, 0.76018, 0.192558, 0.0197854, 2.68285e-07, 0.00834239, 0.0191335, 1.11599e-41, 3.4536e-86, 8.68446e-14, 1.84743e-182
2464.5, 0.759715, 0.191966, 0.0202648, 3.06273e-07, 0.00892585, 0.0191279, 1.01376e-41, 2.93317e-85, 9.1854e-14, 3.15402e-179
2478.48, 0.759242, 0.191362, 0.0207412, 3.48436e-07, 0.00953249, 0.019122, 2.71176e-38, 2.78441e-78, 2.63759e-13, 1.23533e-168
2492.25, 0.758762, 0.190745, 0.0212141, 3.95082e-07, 0.0101622, 0.019116, 2.51827e-38, 1.95767e-77, 2.78288e-13, 9.50112e-166
2505.82, 0.758275, 0.190116, 0.0216835, 4.46528e-07, 0.0108147, 0.0191097, 2.35326e-38, 1.31322e-76, 2.93268e-13, 6.18374e-163
2519.19, 0.757782, 0.189476, 0.0221489, 5.03098e-07, 0.0114898, 0.0191032, 2.2121e-38, 8.41736e-76, 3.08695e-13, 3.42369e-160
2532.36, 0.757281, 0.188824, 0.0226102, 5.65125e-07, 0.0121873, 0.0190965, 2.09107e-38, 5.16303e-75, 3.24566e-13, 1.62108e-157
2545.34, 0.756774, 0.188161, 0.0230672, 6.32949e-07, 0.0129068, 0.0190896, 1.98713e-38, 3.03489e-74, 3.40876e-13, 6.59728e-155
2558.13, 0.756261, 0.187487, 0.0235196, 7.06915e-07, 0.0136482, 0.0190825, 1.89781e-38, 1.71201e-73, 3.57621e-13, 2.31911e-152
2570.73, 0.755743, 0.186803, 0.0239674, 7.87374e-07, 0.014411, 0.0190752, 1.8211e-38, 9.28065e-73, 3.74796e-13, 7.07539e-150
2583.15, 0.755218, 0.186108, 0.0244104, 8.74685e-07, 0.0151949, 0.0190676, 1.75532e-38, 4.84125e-72, 3.92398e-13, 1.88248e-147
2595.39, 0.754688, 0.185403, 0.0248484, 9.6921e-07, 0.0159995, 0.0190599, 1.6991e-38, 2.43332e-71, 4.10421e-13, 4.38758e-145
2607.46, 0.754152, 0.184689, 0.0252813, 1.07131e-06, 0.0168244, 0.019052, 1.65128e-38, 1.16479e-70, 4.2886e-13, 8.99783e-143
2619.35, 0.753612, 0.183965, 0.0257091, 1.18137e-06, 0.0176693, 0.0190439, 1.61088e-38, 4.82879e-70, 4.47711e-13, 1.63076e-140
2631.07, 0.753066, 0.183232, 0.0261315, 1.29975e-06, 0.0185338, 0.0190356, 4.97729e-35, 9.2423e-64, 1.26935e-12, 8.49345e-133
2642.63, 0.752516, 0.18249, 0.0265487, 1.42683e-06, 0.0194173, 0.0190271, 4.91778e-35, 3.3839e-63, 1.3228e-12, 8.86858e-131
2654.02, 0.751961, 0.181739, 0.0269604, 1.56301e-06, 0.0203195, 0.0190184, 5.07273e-35, 1.25494e-62, 1.37733e-12, 8.01578e-129
2665.26, 0.751402, 0.18098, 0.0273667, 1.70865e-06, 0.0212401, 0.0190096, 5.24335e-35, 4.34621e-62, 1.43292e-12, 6.55533e-127
2676.35, 0.750838, 0.180213, 0.0277675, 1.86415e-06, 0.0221784, 0.0190005, 5.43009e-35, 1.37246e-61, 1.48957e-12, 4.86759e-125
2687.28, 0.750271, 0.179439, 0.0281628, 2.0299e-06, 0.0231342, 0.0189914, 5.63376e-35, 4.23592e-61, 1.54727e-12, 3.29223e-123
2698.06, 0.7497, 0.178656, 0.0285526, 2.20629e-06, 0.024107, 0.018982, 5.85514e-35, 1.27875e-60, 1.60601e-12, 2.03456e-121
2708.71, 0.749125, 0.177867, 0.0289368, 2.39372e-06, 0.0250964, 0.0189725, 6.09511e-35, 3.77885e-60, 1.66578e-12, 1.15243e-119
2719.21, 0.748547, 0.177071, 0.0293155, 2.59259e-06, 0.0261018, 0.0189628, 6.35464e-35, 1.09389e-59, 1.72657e-12, 6e-118
2729.58, 0.747965, 0.176267, 0.0296886, 2.80329e-06, 0.027123, 0.018953, 6.63451e-35, 2.95031e-59, 1.78836e-12, 2.87987e-116
2739.81, 0.74738, 0.175458, 0.0300562, 3.02623e-06, 0.0281595, 0.0189431, 6.93583e-35, 7.4885e-59, 1.85112e-12, 1.2777e-114
2749.92, 0.746793, 0.174642, 0.0304182, 3.26181e-06, 0.0292109, 0.018933, 7.26008e-35, 1.8693e-58, 1.91488e-12, 5.25374e-113
2759.89, 0.746202, 0.17382, 0.0307747, 3.51044e-06, 0.0302768, 0.0189227, 7.60865e-35, 4.59155e-58, 1.97962e-12, 2.00705e-111
2769.75, 0.745609, 0.172993, 0.0311258, 3.77253e-06, 0.0313567, 0.0189124, 7.98303e-35, 1.11038e-57, 2.04533e-12, 7.14117e-110
2779.48, 0.745013, 0.17216, 0.0314713, 4.04849e-06, 0.0324503, 0.0189018, 8.38487e-35, 2.64517e-57, 2.11201e-12, 2.37209e-108
2789.1, 0.744415, 0.171321, 0.0318115, 4.33873e-06, 0.0335572, 0.0188912, 8.81594e-35, 6.21027e-57, 2.17964e-12, 7.37212e-107
2798.61, 0.743814, 0.170478, 0.0321462, 4.64367e-06, 0.034677, 0.0188804, 9.27815e-35, 1.43768e-56, 2.24823e-12, 2.14844e-105
2808, 0.743211, 0.169629, 0.0324756, 4.96374e-06, 0.0358093, 0.0188696, 3.27579e-31, 5.86049e-51, 6.30028e-12, 2.03722e-100
2817.29, 0.742606, 0.168776, 0.0327997, 5.29934e-06, 0.0369538, 0.0188586, 3.46116e-31, 1.16955e-50, 6.49171e-12, 4.20804e-99
2826.47, 0.742, 0.167919, 0.0331185, 5.65091e-06, 0.03811, 0.0188475, 3.65958e-31, 2.3096e-50, 6.68567e-12, 8.23293e-98
2835.55, 0.741391, 0.167057, 0.033432, 6.01888e-06, 0.0392778, 0.0188362, 3.87192e-31, 4.51467e-50, 6.88213e-12, 1.52822e-96
2844.53, 0.740781, 0.166191, 0.0337404, 6.40367e-06, 0.0404566, 0.0188249, 4.09914e-31, 8.7385e-50, 7.08109e-12, 2.69594e-95
2853.42, 0.740169, 0.165321, 0.0340436, 6.80572e-06, 0.0416462, 0.0188135, 4.34226e-31, 1.67536e-49, 7.28254e-12, 4.52727e-94
2862.2, 0.739555, 0.164448, 0.0343417, 7.22547e-06, 0.0428462, 0.0188019, 4.60239e-31, 3.18249e-49, 7.48646e-12, 7.24779e-93
2870.9, 0.738941, 0.163571, 0.0346347, 7.66336e-06, 0.0440563, 0.0187903, 4.8807e-31, 5.99159e-49, 7.69286e-12, 1.10784e-91
2879.51, 0.738324, 0.16269, 0.0349228, 8.11983e-06, 0.0452762, 0.0187786, 5.17846e-31, 1.1183e-48, 7.90171e-12, 1.61908e-90
2888.03, 0.737707, 0.161806, 0.0352059, 8.59534e-06, 0.0465056, 0.0187668, 5.49705e-31, 2.06985e-48, 8.11302e-12, 2.26564e-89
2896.47, 0.737089, 0.160919, 0.0354841, 9.09033e-06, 0.0477441, 0.0187549, 5.83791e-31, 3.80005e-48, 8.32677e-12, 3.03943e-88
2904.82, 0.736469, 0.160029, 0.0357574, 9.60528e-06, 0.0489916, 0.0187429, 6.20262e-31, 6.92186e-48, 8.54297e-12, 3.91418e-87
2913.1, 0.735849, 0.159137, 0.0360259, 1.01406e-05, 0.0502477, 0.0187308, 6.59288e-31, 1.25126e-47, 8.76161e-12, 4.8447e-86
2921.3, 0.735228, 0.158241, 0.0362897, 1.06969e-05, 0.0515121, 0.0187187, 7.01051e-31, 2.24526e-47, 8.9827e-12, 5.77028e-85
2929.42, 0.734605, 0.157343, 0.0365488, 1.12744e-05, 0.0527845, 0.0187064, 7.45721e-31, 3.90926e-47, 9.20616e-12, 6.62085e-84
2937.46, 0.733983, 0.156443, 0.0368032, 1.18738e-05, 0.0540648, 0.0186941, 7.93494e-31, 6.56429e-47, 9.43198e-12, 7.32678e-83
2945.44, 0.733359, 0.155541, 0.0370531, 1.24956e-05, 0.0553526, 0.0186817, 8.50916e-31, 1.10397e-46, 9.66022e-12, 7.76985e-82
2953.34, 0.732735, 0.154636, 0.0372983, 1.31401e-05, 0.0566476, 0.0186693, 9.28298e-31, 1.87742e-46, 9.89088e-12, 7.83011e-81
2961.18, 0.732111, 0.15373, 0.0375391, 1.38079e-05, 0.0579497, 0.0186568, 1.01274e-30, 3.17423e-46, 1.0124e-11, 7.63571e-80
2968.95, 0.731486, 0.152821, 0.0377754, 1.44996e-05, 0.0592586, 0.0186442, 1.10488e-30, 5.33657e-46, 1.03595e-11, 7.21233e-79
2976.66, 0.730861, 0.151911, 0.0380074, 1.52155e-05, 0.0605741, 0.0186316, 1.20542e-30, 8.92276e-46, 1.05975e-11, 6.60418e-78
2984.3, 0.730235, 0.150999, 0.0382349, 1.59563e-05, 0.0618959, 0.0186189, 1.31513e-30, 1.48396e-45, 1.08379e-11, 5.86773e-77
2991.88, 0.72961, 0.150086, 0.0384582, 1.67224e-05, 0.0632238, 0.0186061, 1.43484e-30, 2.45528e-45, 1.10807e-11, 5.06286e-76
2999.41, 0.728984, 0.149171, 0.0386772, 1.75144e-05, 0.0645576, 0.0185933, 1.56546e-30, 4.04202e-45, 1.1326e-11, 4.24572e-75
3006.87, 0.728358, 0.148255, 0.038892, 1.83329e-05, 0.0658971, 0.0185804, 1.708e-30, 6.62185e-45, 1.15738e-11, 3.46321e-74
3014.28, 0.727732, 0.147337, 0.0391026, 1.91783e-05, 0.0672421, 0.0185675, 1.86352e-30, 1.0797e-44, 1.1824e-11, 2.74984e-73
3021.63, 0.727105, 0.146419, 0.0393091, 2.00512e-05, 0.0685924, 0.0185545, 2.03323e-30, 1.75239e-44, 1.20767e-11, 2.12695e-72
3028.93, 0.726479, 0.145499, 0.0395115, 2.09523e-05, 0.0699478, 0.0185415, 2.21842e-30, 2.83152e-44, 1.23319e-11, 1.60374e-71
3036.18, 0.725853, 0.144578, 0.0397099, 2.1882e-05, 0.0713081, 0.0185284, 2.4205e-30, 4.55541e-44, 1.25896e-11, 1.17965e-70
3043.38, 0.725228, 0.143657, 0.0399043, 2.28409e-05, 0.0726731, 0.0185153, 2.64103e-30, 7.29799e-44, 1.28498e-11, 8.4698e-70
3050.53, 0.724602, 0.142735, 0.0400947, 2.38297e-05, 0.0740427, 0.0185021, 2.88168e-30, 1.1644e-43, 1.31126e-11, 5.94003e-69
3057.63, 0.723977, 0.141812, 0.0402813, 2.4849e-05, 0.0754166, 0.0184889, 3.14431e-30, 1.85043e-43, 1.33779e-11, 4.07164e-68
3064.68, 0.723351, 0.140888, 0.040464, 2.58993e-05, 0.0767947, 0.0184756, 3.43094e-30, 2.92932e-43, 1.36458e-11, 2.72945e-67
3071.69, 0.722727, 0.139964, 0.0406428, 2.69813e-05, 0.0781769, 0.0184623, 3.74378e-30, 4.61989e-43, 1.39162e-11, 1.79043e-66
3078.65, 0.722102, 0.13904, 0.0408179, 2.80956e-05, 0.0795629, 0.018449, 4.08523e-30, 7.25959e-43, 1.41892e-11, 1.14991e-65
3085.57, 0.721478, 0.138115, 0.0409893, 2.92429e-05, 0.0809527, 0.0184356, 4.45793e-30, 1.13672e-42, 1.44648e-11, 7.23484e-65
3092.45, 0.720855, 0.13719, 0.0411569, 3.04238e-05, 0.082346, 0.0184223, 4.86477e-30, 1.77379e-42, 1.47431e-11, 4.46153e-64
3099.29, 0.720231, 0.136265, 0.0413209, 3.16391e-05, 0.0837427, 0.0184088, 1.82449e-26, 1.30603e-37, 4.08396e-11, 1.74454e-62
3106.09, 0.719609, 0.135339, 0.0414812, 3.28893e-05, 0.0851426, 0.0183954, 1.98989e-26, 1.96504e-37, 4.16105e-11, 9.07619e-62
3112.85, 0.718987, 0.134413, 0.041638, 3.41752e-05, 0.0865457, 0.0183819, 2.17025e-26, 2.94797e-37, 4.23887e-11, 4.6415e-61
3119.58, 0.718365, 0.133488, 0.0417911, 3.54975e-05, 0.0879518, 0.0183684, 2.36692e-26, 4.41008e-37, 4.31743e-11, 2.33418e-60
3126.27, 0.717745, 0.132562, 0.0419408, 3.68569e-05, 0.0893607, 0.0183548, 2.5814e-26, 6.57924e-37, 4.39673e-11, 1.15481e-59
3132.92, 0.717125, 0.131637, 0.042087, 3.82542e-05, 0.0907723, 0.0183412, 2.81531e-26, 9.78915e-37, 4.47678e-11, 5.62296e-59
3139.54, 0.716505, 0.130711, 0.0422297, 3.96902e-05, 0.0921865, 0.0183276, 3.07041e-26, 1.45274e-36, 4.5576e-11, 2.69568e-58
3146.12, 0.715886, 0.129786, 0.0423691, 4.11655e-05, 0.0936031, 0.018314, 3.34864e-26, 2.15047e-36, 4.63918e-11, 1.27289e-57
3152.68, 0.715268, 0.128861, 0.042505, 4.2681e-05, 0.0950221, 0.0183004, 3.65213e-26, 3.17553e-36, 4.72153e-11, 5.92226e-57
3159.2, 0.714651, 0.127937, 0.0426375, 4.42375e-05, 0.0964432, 0.0182867, 3.98318e-26, 4.67808e-36, 4.80466e-11, 2.71594e-56
3165.69, 0.714035, 0.127013, 0.0427668, 4.58358e-05, 0.0978665, 0.018273, 4.34432e-26, 6.87568e-36, 4.88859e-11, 1.22812e-55
3172.15, 0.713419, 0.126089, 0.0428927, 4.74768e-05, 0.0992917, 0.0182593, 4.73822e-26, 9.91917e-36, 4.97329e-11, 5.47776e-55
3178.58, 0.712805, 0.125166, 0.0430154, 4.91613e-05, 0.100719, 0.0182456, 5.16788e-26, 1.40654e-35, 5.05878e-11, 2.41075e-54
3184.99, 0.712191, 0.124244, 0.0431349, 5.08901e-05, 0.102148, 0.0182318, 5.63668e-26, 1.99069e-35, 5.14508e-11, 1.04718e-53
3191.37, 0.711578, 0.123322, 0.0432511, 5.26643e-05, 0.103578, 0.0182181, 6.14823e-26, 2.81221e-35, 5.2322e-11, 4.49106e-53
3197.72, 0.710967, 0.122401, 0.0433642, 5.44846e-05, 0.10501, 0.0182043, 6.70648e-26, 3.9656e-35, 5.32015e-11, 1.90221e-52
3204.05, 0.710356, 0.12148, 0.0434741, 5.63521e-05, 0.106443, 0.0181905, 7.31576e-26, 5.58231e-35, 5.40893e-11, 7.9597e-52
3210.35, 0.709746, 0.12056, 0.0435809, 5.82677e-05, 0.107878, 0.0181767, 7.98081e-26, 7.84482e-35, 5.49857e-11, 3.2914e-51
3216.63, 0.709137, 0.119641, 0.0436845, 6.02324e-05, 0.109314, 0.0181629, 8.70682e-26, 1.10062e-34, 5.58906e-11, 1.34534e-50
3222.88, 0.708529, 0.118723, 0.0437851, 6.22471e-05, 0.110751, 0.0181491, 9.49946e-26, 1.54171e-34, 5.68042e-11, 5.43716e-50
3229.12, 0.707923, 0.117806, 0.0438827, 6.4313e-05, 0.112189, 0.0181352, 1.0365e-25, 2.15624e-34, 5.77266e-11, 2.17328e-49
3235.33, 0.707317, 0.11689, 0.0439772, 6.6431e-05, 0.113628, 0.0181214, 1.13101e-25, 3.01122e-34, 5.86579e-11, 8.59365e-49
3241.52, 0.706713, 0.115974, 0.0440688, 6.86023e-05, 0.115068, 0.0181075, 1.23425e-25, 4.19911e-34, 5.95982e-11, 3.36254e-48
3247.7, 0.706109, 0.11506, 0.0441573, 7.08279e-05, 0.116509, 0.0180937, 1.34702e-25, 5.8474e-34, 6.05476e-11, 1.30225e-47
3253.85, 0.705507, 0.114147, 0.0442429, 7.31089e-05, 0.11795, 0.0180798, 1.47022e-25, 8.13166e-34, 6.15063e-11, 4.993e-47
3259.99, 0.704906, 0.113235, 0.0443256, 7.54467e-05, 0.119392, 0.0180659, 1.60485e-25, 1.12934e-33, 6.24743e-11, 1.89572e-46
3266.1, 0.704307, 0.112324, 0.0444053, 7.78422e-05, 0.120834, 0.018052, 1.75198e-25, 1.56645e-33, 6.34518e-11, 7.1289e-46
3272.2, 0.703708, 0.111414, 0.0444822, 8.02967e-05, 0.122277, 0.0180382, 1.9128e-25, 2.1701e-33, 6.4439e-11, 2.65596e-45
3278.29, 0.703111, 0.110505, 0.0445562, 8.28116e-05, 0.12372, 0.0180243, 2.08861e-25, 3.0028e-33, 6.54359e-11, 9.80526e-45
3284.36, 0.702515, 0.109598, 0.0446273, 8.5388e-05, 0.125164, 0.0180104, 2.28086e-25, 4.15028e-33, 6.64426e-11, 3.5878e-44
3290.41, 0.701921, 0.108692, 0.0446956, 8.80272e-05, 0.126607, 0.0179965, 2.4911e-25, 5.72993e-33, 6.74594e-11, 1.30143e-43
3296.45, 0.701327, 0.107788, 0.0447611, 9.07307e-05, 0.128051, 0.0179826, 2.73249e-25, 7.93557e-33, 6.84864e-11, 4.66129e-43
3302.47, 0.700735, 0.106884, 0.0448238, 9.34998e-05, 0.129494, 0.0179687, 3.03272e-25, 1.11073e-32, 6.95236e-11, 1.63662e-42
3308.49, 0.700145, 0.105983, 0.0448837, 9.63358e-05, 0.130938, 0.0179548, 3.36615e-25, 1.55302e-32, 7.05713e-11, 5.70029e-42
3314.49, 0.699555, 0.105082, 0.0449409, 9.92403e-05, 0.132381, 0.0179409, 3.73652e-25, 2.16924e-32, 7.16297e-11, 1.96995e-41
3320.47, 0.698968, 0.104183, 0.0449953, 0.000102215, 0.133825, 0.017927, 4.14799e-25, 3.02699e-32, 7.26988e-11, 6.75605e-41
3326.45, 0.698381, 0.103286, 0.045047, 0.000105261, 0.135267, 0.0179131, 4.6052e-25, 4.21996e-32, 7.37788e-11, 2.29981e-40
3332.42, 0.697796, 0.10239, 0.045096, 0.00010838, 0.13671, 0.0178992, 5.11331e-25, 5.8778e-32, 7.487e-11, 7.77192e-40
3338.38, 0.697212, 0.101496, 0.0451423, 0.000111573, 0.138152, 0.0178854, 5.6781e-25, 8.17989e-32, 7.59724e-11, 2.60783e-39
3344.32, 0.69663, 0.100604, 0.0451859, 0.000114843, 0.139594, 0.0178715, 6.306e-25, 1.13742e-31, 7.70863e-11, 8.68997e-39
3350.26, 0.69605, 0.0997127, 0.0452269, 0.000118191, 0.141035, 0.0178576, 7.0042e-25, 1.58035e-31, 7.82118e-11, 2.87616e-38
3356.19, 0.695471, 0.0988235, 0.0452652, 0.000121619, 0.142475, 0.0178437, 7.78074e-25, 2.19413e-31, 7.93491e-11, 9.45685e-38
3362.11, 0.694893, 0.0979361, 0.0453009, 0.000125128, 0.143915, 0.0178299, 8.6446e-25, 3.04411e-31, 8.04984e-11, 3.08947e-37
3368.03, 0.694317, 0.0970504, 0.0453339, 0.000128721, 0.145354, 0.017816, 9.60581e-25, 4.22051e-31, 8.166e-11, 1.00299e-36
3373.94, 0.693742, 0.0961665, 0.0453644, 0.000132398, 0.146792, 0.0178021, 1.06756e-24, 5.84778e-31, 8.28339e-11, 3.23628e-36
3379.84, 0.693169, 0.0952844, 0.0453922, 0.000136163, 0.14823, 0.0177883, 1.18664e-24, 8.09752e-31, 8.40204e-11, 1.038e-35
3385.74, 0.692598, 0.0944042, 0.0454175, 0.000140018, 0.149666, 0.0177745, 1.31924e-24, 1.12064e-30, 8.52198e-11, 3.30999e-35
3391.64, 0.692028, 0.0935258, 0.0454402, 0.000143963, 0.151101, 0.0177606, 1.46693e-24, 1.55006e-30, 8.64322e-11, 1.04953e-34
3397.53, 0.69146, 0.0926494, 0.0454603, 0.000148002, 0.152536, 0.0177468, 1.63146e-24, 2.14295e-30, 8.76578e-11, 3.30947e-34
3403.41, 0.690893, 0.091775, 0.0454779, 0.000152137, 0.153969, 0.017733, 1.81482e-24, 2.96124e-30, 8.8897e-11, 1.03797e-33
3409.3, 0.690328, 0.0909025, 0.045493, 0.000156369, 0.155401, 0.0177192, 2.01919e-24, 4.0902e-30, 9.01498e-11, 3.23839e-33
3415.18, 0.689765, 0.090032, 0.0455055, 0.000160702, 0.156831, 0.0177054, 2.24708e-24, 5.64732e-30, 9.14166e-11, 1.00522e-32
3421.06, 0.689203, 0.0891636, 0.0455155, 0.000165137, 0.158261, 0.0176917, 2.50125e-24, 7.79437e-30, 9.26977e-11, 3.1048e-32
3426.94, 0.688644, 0.0882973, 0.045523, 0.000169677, 0.159689, 0.0176779, 2.78482e-24, 1.07541e-29, 9.39931e-11, 9.54349e-32
3432.82, 0.688085, 0.087433, 0.045528, 0.000174325, 0.161115, 0.0176642, 3.1013e-24, 1.48332e-29, 9.53033e-11, 2.91965e-31
3438.69, 0.687529, 0.0865709, 0.0455306, 0.000179082, 0.16254, 0.0176504, 3.45462e-24, 2.04542e-29, 9.66286e-11, 8.89147e-31
3444.57, 0.686974, 0.085711, 0.0455306, 0.000183953, 0.163964, 0.0176367, 3.84921e-24, 2.81985e-29, 9.7969e-11, 2.69579e-30
3450.45, 0.686421, 0.0848533, 0.0455282, 0.000188939, 0.165385, 0.017623, 4.29003e-24, 3.8867e-29, 9.93251e-11, 8.13806e-30
3456.33, 0.68587, 0.0839978, 0.0455233, 0.000194043, 0.166806, 0.0176093, 4.78268e-24, 5.35626e-29, 1.00697e-10, 2.44644e-29
3462.22, 0.685321, 0.0831445, 0.045516, 0.000199268, 0.168224, 0.0175956, 5.33344e-24, 7.3804e-29, 1.02085e-10, 7.3244e-29
3468.1, 0.684773, 0.0822936, 0.0455062, 0.000204618, 0.169641, 0.017582, 5.94942e-24, 1.01684e-28, 1.03489e-10, 2.18424e-28
3473.99, 0.684227, 0.0814449, 0.0454939, 0.000210095, 0.171056, 0.0175683, 6.63859e-24, 1.40086e-28, 1.04911e-10, 6.48877e-28
3479.88, 0.683683, 0.0805986, 0.0454793, 0.000215702, 0.172468, 0.0175547, 2.44691e-27, 1.98065e-32, 3.91236e-11, 1.91454e-25
3485.78, 0.683141, 0.0797547, 0.0454622, 0.000221444, 0.173879, 0.0175411, 2.74151e-27, 2.7793e-32, 3.96591e-11, 6.16224e-25
3491.69, 0.682601, 0.0789133, 0.0454426, 0.000227323, 0.175288, 0.0175275, 3.07264e-27, 3.8089e-32, 4.02008e-11, 1.97603e-24
3497.59, 0.682063, 0.0780742, 0.0454207, 0.000233342, 0.176695, 0.0175139, 3.4451e-27, 5.21998e-32, 4.07492e-11, 6.31351e-24
3503.51, 0.681526, 0.0772377, 0.0453963, 0.000239506, 0.1781, 0.0175004, 3.86427e-27, 7.15408e-32, 4.13043e-11, 2.0101e-23
3509.43, 0.680992, 0.0764036, 0.0453696, 0.000245818, 0.179502, 0.0174868, 4.33622e-27, 9.80554e-32, 4.18664e-11, 6.37824e-23
3515.36, 0.680459, 0.0755721, 0.0453404, 0.000252282, 0.180903, 0.0174733, 4.86788e-27, 1.34411e-31, 4.24354e-11, 2.01727e-22
3521.29, 0.679928, 0.0747431, 0.0453089, 0.000258902, 0.182301, 0.0174598, 5.46708e-27, 1.84269e-31, 4.30117e-11, 6.35994e-22
3527.24, 0.6794, 0.0739168, 0.0452749, 0.000265682, 0.183696, 0.0174463, 6.14278e-27, 2.52663e-31, 4.35953e-11, 1.99908e-21
3533.19, 0.678873, 0.0730931, 0.0452386, 0.000272627, 0.18509, 0.0174329, 6.90512e-27, 3.46511e-31, 4.41863e-11, 6.26528e-21
3539.16, 0.678348, 0.072272, 0.0451999, 0.00027974, 0.18648, 0.0174195, 7.76569e-27, 4.75323e-31, 4.4785e-11, 1.9581e-20
3545.13, 0.677826, 0.0714537, 0.0451588, 0.000287026, 0.187869, 0.0174061, 8.73766e-27, 6.52183e-31, 4.53915e-11, 6.10315e-20
3551.12, 0.677305, 0.070638, 0.0451153, 0.000294491, 0.189254, 0.0173927, 9.83611e-27, 8.95109e-31, 4.60059e-11, 1.89741e-19
3557.11, 0.676787, 0.0698252, 0.0450695, 0.000302138, 0.190637, 0.0173793, 1.10782e-26, 1.22891e-30, 4.66284e-11, 5.88434e-19
3563.12, 0.67627, 0.0690151, 0.0450213, 0.000309972, 0.192018, 0.017366, 1.24834e-26, 1.68777e-30, 4.72593e-11, 1.82057e-18
3569.14, 0.675756, 0.0682079, 0.0449707, 0.000318, 0.193395, 0.0173527, 1.40743e-26, 2.31884e-30, 4.78986e-11, 5.62015e-18
3575.18, 0.675243, 0.0674036, 0.0449177, 0.000326226, 0.19477, 0.0173394, 1.58764e-26, 3.18718e-30, 4.85466e-11, 1.73124e-17
3581.23, 0.674733, 0.0666021, 0.0448624, 0.000334656, 0.196142, 0.0173261, 1.7919e-26, 4.38261e-30, 4.92034e-11, 5.32222e-17
3587.29, 0.674225, 0.0658036, 0.0448047, 0.000343296, 0.197511, 0.0173129, 2.02357e-26, 6.02927e-30, 4.98693e-11, 1.63304e-16
3593.37, 0.673719, 0.065008, 0.0447447, 0.00035215, 0.198877, 0.0172997, 2.2865e-26, 8.29874e-30, 5.05444e-11, 5.0016e-16
3599.46, 0.673215, 0.0642155, 0.0446822, 0.000361227, 0.200239, 0.0172865, 2.5851e-26, 1.14286e-29, 5.12289e-11, 1.52928e-15
3605.57, 0.672713, 0.0634259, 0.0446175, 0.000370531, 0.201599, 0.0172733, 2.92443e-26, 1.57478e-29, 5.19232e-11, 4.66843e-15
3611.7, 0.672214, 0.0626395, 0.0445504, 0.00038007, 0.202956, 0.0172602, 3.31032e-26, 2.17122e-29, 5.26273e-11, 1.42299e-14
3617.85, 0.671717, 0.0618562, 0.0444809, 0.00038985, 0.204309, 0.0172471, 3.74946e-26, 2.99545e-29, 5.33416e-11, 4.33148e-14
3624.01, 0.671222, 0.061076, 0.044409, 0.000399878, 0.205659, 0.0172341, 4.24957e-26, 4.13531e-29, 5.40665e-11, 1.31676e-13
3630.2, 0.670729, 0.060299, 0.0443348, 0.000410161, 0.207006, 0.017221, 4.81956e-26, 5.71294e-29, 5.48025e-11, 3.99821e-13
3636.4, 0.670239, 0.0595253, 0.0442583, 0.000420708, 0.208349, 0.017208, 5.46977e-26, 7.89839e-29, 5.55509e-11, 1.21268e-12
3642.62, 0.669751, 0.0587548, 0.0441794, 0.000431525, 0.209689, 0.017195, 6.21238e-26, 1.09289e-28, 5.63149e-11, 3.67421e-12
3648.87, 0.669265, 0.0579876, 0.0440981, 0.000442622, 0.211025, 0.0171821, 7.06222e-26, 1.51376e-28, 5.7103e-11, 1.11202e-11
3655.13, 0.668781, 0.0572238, 0.0440145, 0.000454005, 0.212357, 0.0171692, 8.03883e-26, 2.09969e-28, 5.79384e-11, 3.36094e-11
3661.42, 0.6683, 0.0564633, 0.0439285, 0.000465685, 0.213686, 0.0171563, 9.17246e-26, 2.91981e-28, 5.8886e-11, 1.01343e-10
3667.74, 0.667822, 0.0557063, 0.0438402, 0.00047767, 0.215011, 0.0171435, 4.04576e-31, 1.64453e-34, 3.97345e-09, 3.97345e-09
3674.07, 0.667345, 0.0549527, 0.0437495, 0.000489969, 0.216332, 0.0171307, 3.99044e-31, 2.13638e-34, 4.13866e-09, 4.13866e-09
3680.44, 0.666871, 0.0542026, 0.0436564, 0.000502592, 0.217649, 0.0171179, 1.9872e-31, 1.40158e-34, 4.31071e-09, 4.31071e-09
3686.82, 0.6664, 0.0534561, 0.043561, 0.000515549, 0.218963, 0.0171051, 1.55665e-31, 1.44676e-34, 4.4899e-09, 4.4899e-09
3693.24, 0.665931, 0.0527132, 0.0434633, 0.00052885, 0.220272, 0.0170924, 1.81888e-31, 2.22824e-34, 4.67655e-09, 4.67655e-09
3699.68, 0.665464, 0.051974, 0.0433631, 0.000542507, 0.221577, 0.0170798, 1.65957e-29, 4.27743e-32, 4.87098e-09, 4.87098e-09
3706.15, 0.665, 0.0512384, 0.0432607, 0.00055653, 0.222878, 0.0170671, 1.6524e-28, 5.50953e-31, 5.07354e-09, 5.07354e-09
3712.64, 0.664538, 0.0505065, 0.0431558, 0.000570931, 0.224174, 0.0170545, 1.58982e-27, 6.85975e-30, 5.28459e-09, 5.28459e-09
3719.17, 0.664079, 0.0497784, 0.0430486, 0.000585722, 0.225466, 0.017042, 3.18042e-28, 1.18009e-30, 5.50451e-09, 5.50451e-09
3725.73, 0.663622, 0.0490542, 0.042939, 0.000600916, 0.226754, 0.0170295, 3.88824e-28, 1.90511e-30, 5.7337e-09, 5.7337e-09
3732.32, 0.663168, 0.0483338, 0.0428271, 0.000616525, 0.228037, 0.017017, 5.66774e-27, 5.3119e-29, 5.97258e-09, 5.97258e-09
3738.94, 0.662717, 0.0476173, 0.0427128, 0.000632564, 0.229316, 0.0170046, 9.42487e-26, 1.62573e-27, 6.22158e-09, 6.22158e-09
3745.59, 0.662268, 0.0469048, 0.0425961, 0.000649045, 0.23059, 0.0169922, 3.62623e-27, 5.59415e-29, 6.48118e-09, 6.48118e-09
3752.28, 0.661822, 0.0461963, 0.0424771, 0.000665985, 0.231859, 0.0169798, 7.57852e-27, 1.46185e-28, 6.75184e-09, 6.75184e-09
3759, 0.661378, 0.0454919, 0.0423557, 0.000683397, 0.233123, 0.0169675, 1.49487e-24, 4.82917e-26, 7.03409e-09, 7.03409e-09
3765.75, 0.660937, 0.0447916, 0.042232, 0.000701298, 0.234383, 0.0169552, 2.03466e-22, 1.05877e-23, 7.32845e-09, 7.32845e-09
3772.54, 0.660499, 0.0440954, 0.0421058, 0.000719704, 0.235637, 0.016943, 3.48777e-23, 1.69632e-24, 7.63549e-09, 7.63549e-09
3779.37, 0.660063, 0.0434035, 0.0419774, 0.000738631, 0.236886, 0.0169308, 4.81387e-23, 2.87411e-24, 7.95579e-09, 7.95579e-09
3786.24, 0.659631, 0.0427159, 0.0418465, 0.000758098, 0.23813, 0.0169187, 3.44504e-23, 2.52579e-24, 8.28999e-09, 8.28999e-09
3793.15, 0.659201, 0.0420326, 0.0417133, 0.000778123, 0.239369, 0.0169066, 4.62084e-22, 5.04977e-23, 8.63872e-09, 8.63872e-09
3800.09, 0.658773, 0.0413537, 0.0415777, 0.000798725, 0.240602, 0.0168945, 2.23202e-23, 2.47035e-24, 9.00268e-09, 9.00268e-09
3807.08, 0.658349, 0.0406793, 0.0414398, 0.000819923, 0.24183, 0.0168825, 4.77691e-23, 6.4996e-24, 9.38259e-09, 9.38259e-09
3814.1, 0.657927, 0.0400093, 0.0412995, 0.000841738, 0.243052, 0.0168706, 3.02312e-22, 5.05881e-23, 9.7792e-09, 9.7792e-09
3821.17, 0.657508, 0.0393439, 0.0411569, 0.000864192, 0.244268, 0.0168587, 2.89185e-19, 7.47633e-20, 1.01933e-08, 1.01933e-08
3828.29, 0.657092, 0.0386831, 0.0410119, 0.000887307, 0.245479, 0.0168468, 5.18702e-20, 1.44387e-20, 1.06258e-08, 1.06258e-08
3835.44, 0.656679, 0.0380271, 0.0408646, 0.000911105, 0.246683, 0.016835, 7.5798e-20, 2.54671e-20, 1.10775e-08, 1.10775e-08
3842.65, 0.656269, 0.0373757, 0.0407149, 0.000935611, 0.247882, 0.0168233, 8.55076e-19, 3.66033e-19, 1.15493e-08, 1.15493e-08
3849.9, 0.655861, 0.0367292, 0.0405629, 0.00096085, 0.249074, 0.0168116, 5.37377e-20, 2.6338e-20, 1.20423e-08, 1.20423e-08
3857.19, 0.655457, 0.0360875, 0.0404085, 0.000986848, 0.250261, 0.0167999, 6.50702e-20, 3.85449e-20, 1.25575e-08, 1.25575e-08
3864.54, 0.655055, 0.0354507, 0.0402518, 0.00101363, 0.25144, 0.0167883, 1.62095e-19, 1.16101e-19, 1.30959e-08, 1.30959e-08
3871.93, 0.654656, 0.034819, 0.0400928, 0.00104123, 0.252614, 0.0167768, 5.12748e-18, 4.32277e-18, 1.36587e-08, 1.36587e-08
3879.37, 0.654261, 0.0341923, 0.0399315, 0.00106967, 0.25378, 0.0167653, 1.40409e-17, 1.41375e-17, 1.42472e-08, 1.42472e-08
3886.87, 0.653868, 0.0335707, 0.0397679, 0.00109898, 0.25494, 0.0167539, 2.67074e-16, 3.03254e-16, 1.48625e-08, 1.48625e-08
3894.41, 0.653478, 0.0329543, 0.039602, 0.0011292, 0.256094, 0.0167425, 3.98067e-17, 5.84677e-17, 1.55061e-08, 1.5506e-08
3902.01, 0.653092, 0.0323432, 0.0394338, 0.00116036, 0.25724, 0.0167312, 3.23536e-16, 5.1497e-16, 1.61792e-08, 1.61792e-08
3909.66, 0.652708, 0.0317374, 0.0392633, 0.00119249, 0.258379, 0.01672, 4.81597e-17, 1.03461e-16, 1.68835e-08, 1.68835e-08
3917.37, 0.652327, 0.031137, 0.0390906, 0.00122562, 0.259511, 0.0167088, 7.42438e-17, 1.93093e-16, 1.76205e-08, 1.76205e-08
3925.14, 0.65195, 0.030542, 0.0389156, 0.0012598, 0.260635, 0.0166977, 9.20501e-16, 2.44289e-15, 1.83918e-08, 1.83917e-08
3932.96, 0.651575, 0.0299526, 0.0387384, 0.00129506, 0.261752, 0.0166866, 1.65578e-15, 5.04906e-15, 1.91991e-08, 1.91991e-08
3940.84, 0.651204, 0.0293688, 0.0385589, 0.00133145, 0.262861, 0.0166756, 3.02004e-15, 1.04576e-14, 2.00444e-08, 2.00443e-08
3948.77, 0.650835, 0.0287907, 0.0383773, 0.00136899, 0.263963, 0.0166646, 3.03562e-14, 9.44529e-14, 2.09297e-08, 2.09292e-08
3956.77, 0.65047, 0.0282183, 0.0381935, 0.00140774, 0.265057, 0.0166538, 3.76459e-14, 1.30344e-13, 2.18566e-08, 2.18561e-08
3964.83, 0.650108, 0.0276517, 0.0380075, 0.00144774, 0.266142, 0.0166429, 4.72118e-14, 1.81962e-13, 2.28276e-08, 2.2827e-08
3972.95, 0.649749, 0.0270909, 0.0378194, 0.00148904, 0.26722, 0.0166322, 6.02917e-14, 2.58761e-13, 2.38448e-08, 2.38442e-08
3981.13, 0.649393, 0.0265362, 0.0376292, 0.00153168, 0.268289, 0.0166215, 7.91295e-14, 3.78306e-13, 2.49107e-08, 2.491e-08
3989.37, 0.64904, 0.0259874, 0.0374368, 0.00157572, 0.269349, 0.0166109, 1.07645e-13, 5.73483e-13, 2.60277e-08, 2.6027e-08
3997.68, 0.64869, 0.0254448, 0.0372425, 0.0016212, 0.270401, 0.0166004, 1.51619e-13, 9.00446e-13, 2.71984e-08, 2.71977e-08
4006.05, 0.648343, 0.0249083, 0.0370461, 0.00166818, 0.271445, 0.0165899, 2.15037e-13, 1.42414e-12, 2.84257e-08, 2.8425e-08
4014.49, 0.647999, 0.0243781, 0.0368477, 0.00171671, 0.272479, 0.0165795, 2.7705e-13, 2.0469e-12, 2.97124e-08, 2.97119e-08
4022.99, 0.647659, 0.0238541, 0.0366473, 0.00176685, 0.273504, 0.0165692, 3.5367e-13, 2.91605e-12, 3.10614e-08, 3.10616e-08
4031.57, 0.647321, 0.0233365, 0.036445, 0.00181866, 0.27452, 0.0165589, 4.54714e-13, 4.18559e-12, 3.24761e-08, 3.24772e-08
4040.21, 0.646986, 0.0228254, 0.0362408, 0.00187221, 0.275526, 0.0165487, 5.90241e-13, 6.06778e-12, 3.39597e-08, 3.39623e-08
4048.91, 0.646655, 0.0223208, 0.0360347, 0.00192754, 0.276523, 0.0165386, 7.75285e-13, 8.90445e-12, 3.55156e-08, 3.55207e-08
4057.69, 0.646326, 0.0218227, 0.0358269, 0.00198474, 0.277511, 0.0165286, 1.03021e-12, 1.32245e-11, 3.71474e-08, 3.71565e-08
4066.54, 0.646001, 0.0213313, 0.0356172, 0.00204386, 0.278488, 0.0165186, 1.33649e-12, 1.91817e-11, 3.88587e-08, 3.88737e-08
4075.45, 0.645678, 0.0208466, 0.0354059, 0.00210498, 0.279455, 0.0165087, 1.71965e-12, 2.76052e-11, 4.06534e-08, 4.0677e-08
4084.44, 0.645359, 0.0203686, 0.0351929, 0.00216817, 0.280413, 0.0164989, 2.2185e-12, 3.82965e-11, 4.25357e-08, 4.25707e-08
4093.5, 0.645042, 0.0198975, 0.0349782, 0.0022335, 0.281359, 0.0164892, 2.87012e-12, 5.21863e-11, 4.451e-08, 4.456e-08
4102.62, 0.644728, 0.0194333, 0.034762, 0.00230105, 0.282296, 0.0164796, 3.72398e-12, 7.12227e-11, 4.658e-08, 4.66505e-08
4111.82, 0.644417, 0.0189759, 0.0345443, 0.0023709, 0.283222, 0.01647, 4.84544e-12, 9.73437e-11, 4.87498e-08, 4.88483e-08
4121.09, 0.644109, 0.0185256, 0.0343252, 0.00244312, 0.284137, 0.0164605, 1.31177e-11, 1.41933e-10, 5.10174e-08, 5.11662e-08
4130.44, 0.643803, 0.0180823, 0.0341046, 0.00251781, 0.285041, 0.0164511, 1.61115e-11, 1.7221e-10, 5.34077e-08, 5.35901e-08
4139.85, 0.643501, 0.0176461, 0.0338828, 0.00259504, 0.285934, 0.0164418, 1.98261e-11, 1.86394e-10, 5.59261e-08, 5.61265e-08
4149.33, 0.6432, 0.017217, 0.0336597, 0.0026749, 0.286815, 0.0164325, 2.44371e-11, 2.01802e-10, 5.85698e-08, 5.87903e-08
4158.89, 0.642903, 0.0167951, 0.0334354, 0.00275748, 0.287686, 0.0164234, 3.0169e-11, 2.18543e-10, 6.13449e-08, 6.15881e-08
4168.51, 0.642608, 0.0163804, 0.03321, 0.00284287, 0.288545, 0.0164143, 3.72899e-11, 2.36733e-10, 6.42579e-08, 6.45268e-08
4178.21, 0.642315, 0.0159729, 0.0329836, 0.00293117, 0.289392, 0.0164053, 4.61419e-11, 2.56501e-10, 6.73155e-08, 6.76135e-08
4187.98, 0.642025, 0.0155727, 0.0327562, 0.00302247, 0.290227, 0.0163964, 5.71746e-11, 2.77985e-10, 7.05247e-08, 7.08559e-08
4197.81, 0.641737, 0.0151798, 0.0325279, 0.00311686, 0.291051, 0.0163876, 7.09416e-11, 3.01335e-10, 7.38927e-08, 7.42617e-08
4207.72, 0.641451, 0.0147942, 0.0322989, 0.00321445, 0.291863, 0.0163789, 8.80618e-11, 3.26715e-10, 7.74271e-08, 7.78394e-08
4217.69, 0.641167, 0.014416, 0.0320691, 0.00331533, 0.292662, 0.0163702, 1.04821e-10, 3.54312e-10, 8.11377e-08, 8.15953e-08
4227.72, 0.640886, 0.0140451, 0.0318388, 0.0034196, 0.293449, 0.0163617, 1.24834e-10, 3.84313e-10, 8.50313e-08, 8.55397e-08
4237.83, 0.640606, 0.0136815, 0.0316079, 0.00352737, 0.294224, 0.0163532, 1.48741e-10, 4.16926e-10, 8.91164e-08, 8.9682e-08
4248, 0.640328, 0.0133253, 0.0313765, 0.00363875, 0.294986, 0.0163448, 1.71315e-10, 4.52393e-10, 9.34048e-08, 9.40285e-08
